48.5856 02.3015 50 
48.5872 02.2990 50 
48.6070 02.3021 50 
48.6098 02.4472 50 
48.6158 02.4247 50 
48.6211 02.3488 50 
48.6213 02.2248 50 
48.6235 02.4422 50 
48.6246 02.3428 50 
48.6251 02.4231 50 
48.6283 02.4257 50 
48.6289 02.4265 50 
48.6291 02.4071 50 
48.6297 02.4243 50 
48.6305 02.4276 50 
48.6317 02.3029 50 
48.6345 02.3065 50 
48.6360 02.3063 50 
48.6362 02.3214 50 
48.6371 02.3221 50 
48.6374 02.3223 50 
48.6532 02.3135 50 
48.6574 02.4102 50 
48.6586 02.4185 50 
48.6602 02.3735 50 
48.6651 02.3355 50 
48.6692 02.3315 50 
48.6764 02.3521 50 
48.6792 02.1986 50 
48.6825 02.3890 50 
48.6838 02.4006 50 
48.6875 02.3912 50 
48.6920 02.3338 50 
48.6982 02.1367 50 
48.7000 02.1321 50 
48.7017 02.1268 50 
48.7018 02.1330 50 
48.7019 02.1330 50 
48.7019 02.1331 50 
48.7022 02.1334 50 
48.7023 02.1349 50 
48.7057 02.2175 50 
48.7058 02.4102 50 
48.7060 02.4804 50 
48.7062 02.4112 50 
48.7077 02.4621 50 
48.7117 02.3723 50 
48.7122 02.4874 50 
48.7136 02.2990 50 
48.7175 02.3633 50 
48.7244 02.2589 50 
48.7247 02.2569 50 
48.7260 02.2617 50 
48.7274 02.2952 50 
48.7277 02.4458 50 
48.7286 02.3646 50 
48.7286 02.3674 50 
48.7289 02.3590 50 
48.7289 02.3595 50 
48.7289 02.4460 50 
48.7298 02.2881 50 
48.7300 02.4464 50 
48.7316 02.3678 50 
48.7318 02.3721 50 
48.7323 02.2886 50 
48.7326 02.2714 50 
48.7329 02.2900 50 
48.7332 02.3106 50 
48.7360 02.3136 50 
48.7385 02.1438 50 
48.7400 02.4259 50 
48.7408 02.3396 50 
48.7414 02.5035 50 
48.7436 02.5038 50 
48.7444 02.3677 50 
48.7465 02.2675 50 
48.7466 02.5106 50 
48.7481 02.3723 50 
48.7501 02.3886 50 
48.7532 02.3740 50 
48.7552 02.3710 50 
48.7559 02.3731 50 
48.7560 02.3728 50 
48.7563 02.3687 50 
48.7563 02.3729 50 
48.7572 02.3014 50 
48.7574 02.3722 50 
48.7575 02.3477 50 
48.7577 02.3865 50 
48.7579 02.3864 50 
48.7582 02.3871 50 
48.7586 02.1443 50 
48.7592 02.3473 50 
48.7593 02.3874 50 
48.7624 02.1350 50 
48.7630 02.2922 50 
48.7630 02.4761 50 
48.7635 02.3049 50 
48.7640 02.4338 50 
48.7641 02.3875 50 
48.7641 02.4115 50 
48.7644 02.3936 50 
48.7645 02.1145 50 
48.7647 02.4055 50 
48.7651 02.2900 50 
48.7659 02.1199 50 
48.7664 02.3932 50 
48.7664 02.3936 50 
48.7666 02.3906 50 
48.7666 02.3907 50 
48.7666 02.4145 50 
48.7669 02.4031 50 
48.7681 02.3561 50 
48.7691 02.1245 50 
48.7691 02.3887 50 
48.7694 02.3884 50 
48.7699 02.4022 50 
48.7704 02.4014 50 
48.7704 02.4091 50 
48.7705 02.2986 50 
48.7705 02.4014 50 
48.7705 02.4017 50 
48.7707 02.1213 50 
48.7709 02.4023 50 
48.7711 02.4008 50 
48.7712 02.3497 50 
48.7713 02.4010 50 
48.7719 02.4006 50 
48.7726 02.4338 50 
48.7730 02.4205 50 
48.7737 02.2249 50 
48.7737 02.3999 50 
48.7747 02.4406 50 
48.7748 02.1674 50 
48.7750 02.4422 50 
48.7764 02.4551 50 
48.7765 02.2927 50 
48.7772 02.4118 50 
48.7778 02.2222 50 
48.7779 02.4799 50 
48.7788 02.3403 50 
48.7789 02.2546 50 
48.7792 02.4397 50 
48.7793 02.2078 50 
48.7799 02.4563 50 
48.7800 02.2206 50 
48.7800 02.5704 50 
48.7801 02.2200 50 
48.7802 02.2200 50 
48.7803 02.2200 50 
48.7804 02.2201 50 
48.7809 02.4394 50 
48.7810 02.3140 50 
48.7811 02.2182 50 
48.7811 02.2205 50 
48.7812 02.2205 50 
48.7814 02.2163 50 
48.7815 02.2255 50 
48.7817 02.2088 50 
48.7817 02.2208 50 
48.7818 02.2208 50 
48.7819 02.2208 50 
48.7821 02.4576 50 
48.7823 02.2469 50 
48.7825 02.2213 50 
48.7827 02.3090 50 
48.7827 02.4089 50 
48.7828 02.1661 50 
48.7831 02.2240 50 
48.7837 02.2471 50 
48.7839 02.1696 50 
48.7867 02.2561 50 
48.7868 02.1512 50 
48.7870 02.2204 50 
48.7872 02.2201 50 
48.7873 02.1506 50 
48.7873 02.2201 50 
48.7874 02.1509 50 
48.7874 02.2537 50 
48.7877 02.1513 50 
48.7882 02.1790 50 
48.7883 02.2702 50 
48.7902 02.4406 50 
48.7910 02.2730 50 
48.7925 02.3889 50 
48.7929 02.3219 50 
48.7929 02.4464 50 
48.7935 02.1403 50 
48.7939 02.1623 50 
48.7943 02.4178 50 
48.7944 02.1526 50 
48.7947 02.4314 50 
48.7949 02.3029 50 
48.7969 02.1532 50 
48.7970 02.1332 50 
48.7971 02.1305 50 
48.7972 02.3831 50 
48.7973 02.3572 50 
48.7974 02.4539 50 
48.7976 02.4530 50 
48.7980 02.4332 50 
48.7983 02.2876 50 
48.7984 02.1161 50 
48.7993 02.1660 50 
48.7993 02.2702 50 
48.7993 02.3998 50 
48.7994 02.4034 50 
48.7995 02.1836 50 
48.7995 02.2488 50 
48.8000 02.1343 50 
48.8000 02.1828 50 
48.8000 02.1901 50 
48.8001 02.1298 50 
48.8002 02.1279 50 
48.8002 02.2629 50 
48.8004 02.1284 50 
48.8006 02.1287 50 
48.8008 02.1707 50 
48.8009 02.4021 50 
48.8012 02.1356 50 
48.8015 02.3517 50 
48.8015 02.4357 50 
48.8017 02.1258 50 
48.8021 02.4336 50 
48.8023 02.1673 50 
48.8023 02.2646 50 
48.8024 02.4258 50 
48.8025 02.1257 50 
48.8027 02.2631 50 
48.8028 02.1681 50 
48.8028 02.4284 50 
48.8030 02.1262 50 
48.8030 02.1348 50 
48.8030 02.4284 50 
48.8032 02.2920 50 
48.8033 02.4333 50 
48.8034 02.1184 50 
48.8034 02.6122 50 
48.8039 02.1317 50 
48.8041 02.1228 50 
48.8042 02.1226 50 
48.8044 02.3636 50 
48.8048 02.1266 50 
48.8048 02.4967 50 
48.8050 02.4919 50 
48.8051 02.1230 50 
48.8054 02.4858 50 
48.8055 02.1196 50 
48.8056 02.1771 50 
48.8057 02.1177 50 
48.8057 02.1317 50 
48.8060 02.1276 50 
48.8061 02.1887 50 
48.8062 02.1315 50 
48.8063 02.1205 50 
48.8065 02.1209 50 
48.8065 02.1287 50 
48.8066 02.4727 50 
48.8067 02.1352 50 
48.8068 02.1310 50 
48.8068 02.1311 50 
48.8068 02.1312 50 
48.8068 02.1313 50 
48.8068 02.1324 50 
48.8069 02.1310 50 
48.8069 02.1312 50 
48.8073 02.1114 50 
48.8074 02.1319 50 
48.8077 02.5097 50 
48.8078 02.1224 50 
48.8081 02.0988 50 
48.8081 02.2991 50 
48.8082 02.0962 50 
48.8082 02.1175 50 
48.8082 02.1311 50 
48.8083 02.1094 50 
48.8085 02.1249 50 
48.8087 02.1889 50 
48.8087 02.3209 50 
48.8088 02.1236 50 
48.8089 02.1083 50 
48.8090 02.1336 50 
48.8091 02.2982 50 
48.8092 02.3836 50 
48.8100 02.3623 50 
48.8103 02.3276 50 
48.8106 02.3012 50 
48.8106 02.3413 50 
48.8110 02.3798 50 
48.8111 02.3834 50 
48.8113 02.4908 50 
48.8119 02.1937 50 
48.8122 02.3283 50 
48.8123 02.2380 50 
48.8123 02.3284 50 
48.8126 02.2727 50 
48.8128 02.2727 50 
48.8129 02.2928 50 
48.8137 02.2721 50 
48.8138 02.3918 50 
48.8141 02.1054 50 
48.8141 02.3412 50 
48.8142 02.2428 50 
48.8142 02.2746 50 
48.8143 02.3612 50 
48.8149 02.3627 50 
48.8150 02.3639 50 
48.8153 02.2968 50 
48.8156 02.3625 50 
48.8161 02.2632 50 
48.8164 02.3641 50 
48.8168 02.1410 50 
48.8168 02.3271 50 
48.8172 02.2818 50 
48.8172 02.3502 50 
48.8178 02.3461 50 
48.8180 02.3223 50 
48.8180 02.4130 50 
48.8185 02.3195 50 
48.8187 02.3944 50 
48.8188 02.2807 50 
48.8189 02.3372 50 
48.8189 02.4172 50 
48.8190 02.3372 50 
48.8191 02.2387 50 
48.8192 02.2497 50 
48.8192 02.3962 50 
48.8194 02.1377 50 
48.8194 02.3619 50 
48.8195 02.2610 50 
48.8195 02.3064 50 
48.8195 02.3670 50 
48.8200 02.3054 50 
48.8200 02.3386 50 
48.8206 02.2532 50 
48.8207 02.3898 50 
48.8208 02.3643 50 
48.8209 02.4510 50 
48.8211 02.2144 50 
48.8211 02.3023 50 
48.8212 02.2033 50 
48.8212 02.3956 50 
48.8213 02.3346 50 
48.8214 02.4135 50 
48.8217 02.3137 50 
48.8217 02.3946 50 
48.8218 02.3063 50 
48.8221 02.3614 50 
48.8222 02.2985 50 
48.8222 02.3630 50 
48.8223 02.3630 50 
48.8227 02.2955 50 
48.8228 02.3164 50 
48.8229 02.3471 50 
48.8230 02.2524 50 
48.8230 02.3258 50 
48.8231 02.3253 50 
48.8234 02.2100 50 
48.8236 02.3232 50 
48.8236 02.3241 50 
48.8236 02.3653 50 
48.8236 02.4054 50 
48.8236 02.4136 50 
48.8238 02.2494 50 
48.8238 02.3660 50 
48.8239 02.2730 50 
48.8239 02.4228 50 
48.8240 02.3274 50 
48.8242 02.2731 50 
48.8242 02.2736 50 
48.8242 02.3234 50 
48.8244 02.2733 50 
48.8244 02.2740 50 
48.8244 02.2992 50 
48.8244 02.3884 50 
48.8244 02.3885 50 
48.8245 02.3869 50 
48.8246 02.2116 50 
48.8247 02.2639 50 
48.8248 02.3467 50 
48.8248 02.3610 50 
48.8252 02.4079 50 
48.8254 02.3647 50 
48.8255 02.3469 50 
48.8255 02.4057 50 
48.8256 02.2563 50 
48.8256 02.2720 50 
48.8256 02.3232 50 
48.8257 02.4044 50 
48.8258 02.2461 50 
48.8258 02.3468 50 
48.8258 02.3472 50 
48.8258 02.4891 50 
48.8259 02.1890 50 
48.8259 02.2027 50 
48.8259 02.2732 50 
48.8259 02.4067 50 
48.8261 02.2732 50 
48.8261 02.3572 50 
48.8262 02.1181 50 
48.8262 02.3126 50 
48.8263 02.3598 50 
48.8264 02.3597 50 
48.8265 02.3461 50 
48.8267 02.1166 50 
48.8267 02.2906 50 
48.8267 02.3910 50 
48.8269 02.2425 50 
48.8269 02.3901 50 
48.8270 02.2794 50 
48.8271 02.2420 50 
48.8271 02.3507 50 
48.8271 02.3670 50 
48.8271 02.3938 50 
48.8272 02.2422 50 
48.8272 02.2787 50 
48.8273 02.1191 50 
48.8273 02.2795 50 
48.8274 02.2586 50 
48.8277 02.2652 50 
48.8278 02.2417 50 
48.8278 02.2428 50 
48.8278 02.2681 50 
48.8278 02.2736 50 
48.8278 02.3152 50 
48.8279 02.3500 50 
48.8279 02.3514 50 
48.8280 02.2621 50 
48.8280 02.3265 50 
48.8281 02.5129 50 
48.8282 02.3275 50 
48.8282 02.3800 50 
48.8283 02.3273 50 
48.8285 02.2657 50 
48.8285 02.4151 50 
48.8286 02.1149 50 
48.8286 02.3738 50 
48.8287 02.2232 50 
48.8287 02.2255 50 
48.8288 02.3547 50 
48.8288 02.3772 50 
48.8288 02.3773 50 
48.8289 02.2441 50 
48.8290 02.2632 50 
48.8290 02.2666 50 
48.8290 02.3276 50 
48.8290 02.3509 50 
48.8290 02.3821 50 
48.8290 02.5297 50 
48.8291 02.3694 50 
48.8292 02.3225 50 
48.8292 02.3280 50 
48.8292 02.4199 50 
48.8293 02.2297 50 
48.8293 02.2459 50 
48.8293 02.2635 50 
48.8293 02.2639 50 
48.8293 02.3223 50 
48.8293 02.3746 50 
48.8293 02.3822 50 
48.8294 02.2630 50 
48.8294 02.3760 50 
48.8294 02.3765 50 
48.8294 02.3833 50 
48.8295 02.2442 50 
48.8295 02.3550 50 
48.8295 02.3748 50 
48.8295 02.3778 50 
48.8296 02.1149 50 
48.8296 02.2649 50 
48.8296 02.2879 50 
48.8296 02.3018 50 
48.8297 02.0855 50 
48.8297 02.2429 50 
48.8297 02.3775 50 
48.8298 02.3798 50 
48.8299 02.2422 50 
48.8299 02.2445 50 
48.8299 02.3505 50 
48.8300 02.3553 50 
48.8301 02.1205 50 
48.8301 02.2445 50 
48.8301 02.2447 50 
48.8301 02.2648 50 
48.8301 02.3800 50 
48.8301 02.3802 50 
48.8302 02.2390 50 
48.8302 02.2395 50 
48.8302 02.2454 50 
48.8302 02.2456 50 
48.8302 02.2487 50 
48.8302 02.3783 50 
48.8303 02.3111 50 
48.8303 02.3783 50 
48.8305 02.2328 50 
48.8305 02.3761 50 
48.8305 02.3782 50 
48.8305 02.5255 50 
48.8306 02.3814 50 
48.8307 02.2402 50 
48.8307 02.2452 50 
48.8307 02.3529 50 
48.8307 02.3560 50 
48.8307 02.3580 50 
48.8307 02.3765 50 
48.8308 02.2350 50 
48.8308 02.2413 50 
48.8308 02.2842 50 
48.8308 02.3565 50 
48.8309 02.2775 50 
48.8309 02.3807 50 
48.8309 02.3820 50 
48.8310 02.3537 50 
48.8310 02.3555 50 
48.8310 02.3764 50 
48.8311 02.2018 50 
48.8311 02.2669 50 
48.8311 02.3434 50 
48.8311 02.3480 50 
48.8312 02.2685 50 
48.8312 02.3732 50 
48.8313 02.2573 50 
48.8313 02.3564 50 
48.8313 02.3764 50 
48.8314 02.3556 50 
48.8314 02.3779 50 
48.8314 02.3782 50 
48.8314 02.3808 50 
48.8315 02.2211 50 
48.8315 02.2447 50 
48.8315 02.2762 50 
48.8315 02.3557 50 
48.8315 02.3801 50 
48.8316 02.3217 50 
48.8316 02.3413 50 
48.8317 02.2999 50 
48.8317 02.3560 50 
48.8317 02.3819 50 
48.8318 02.2382 50 
48.8318 02.2384 50 
48.8318 02.2699 50 
48.8318 02.2700 50 
48.8318 02.2909 50 
48.8318 02.3815 50 
48.8319 02.2384 50 
48.8319 02.4104 50 
48.8319 02.4934 50 
48.8320 02.2445 50 
48.8320 02.3040 50 
48.8321 02.2410 50 
48.8321 02.2415 50 
48.8321 02.2443 50 
48.8321 02.3394 50 
48.8322 02.2441 50 
48.8323 02.2445 50 
48.8323 02.2882 50 
48.8324 02.2243 50 
48.8324 02.2443 50 
48.8324 02.3186 50 
48.8324 02.3756 50 
48.8324 02.3873 50 
48.8325 02.2443 50 
48.8325 02.2589 50 
48.8325 02.2879 50 
48.8325 02.3861 50 
48.8326 02.2439 50 
48.8326 02.2491 50 
48.8326 02.3859 50 
48.8327 02.2880 50 
48.8327 02.3869 50 
48.8328 02.2409 50 
48.8328 02.2439 50 
48.8328 02.2694 50 
48.8328 02.2775 50 
48.8328 02.3377 50 
48.8329 02.3862 50 
48.8330 02.3000 50 
48.8330 02.3542 50 
48.8330 02.3551 50 
48.8330 02.3802 50 
48.8331 02.2417 50 
48.8331 02.3749 50 
48.8332 02.2436 50 
48.8332 02.3057 50 
48.8332 02.3319 50 
48.8332 02.3729 50 
48.8332 02.3870 50 
48.8333 02.2432 50 
48.8333 02.3632 50 
48.8333 02.3755 50 
48.8334 02.2438 50 
48.8334 02.2780 50 
48.8334 02.3314 50 
48.8334 02.3542 50 
48.8334 02.3862 50 
48.8335 02.3786 50 
48.8335 02.3861 50 
48.8335 02.3865 50 
48.8335 02.3871 50 
48.8336 02.2433 50 
48.8336 02.2442 50 
48.8336 02.2536 50 
48.8336 02.2871 50 
48.8336 02.3860 50 
48.8336 02.3873 50 
48.8337 02.2433 50 
48.8337 02.2434 50 
48.8337 02.2437 50 
48.8337 02.2576 50 
48.8337 02.3862 50 
48.8338 02.2216 50 
48.8338 02.2433 50 
48.8338 02.3164 50 
48.8338 02.3320 50 
48.8338 02.3684 50 
48.8339 02.2435 50 
48.8339 02.2439 50 
48.8339 02.2440 50 
48.8339 02.2442 50 
48.8339 02.3182 50 
48.8339 02.3328 50 
48.8339 02.3573 50 
48.8339 02.3655 50 
48.8339 02.3873 50 
48.8340 02.3181 50 
48.8341 02.2431 50 
48.8341 02.2457 50 
48.8341 02.2541 50 
48.8341 02.2579 50 
48.8341 02.3326 50 
48.8341 02.3860 50 
48.8341 02.4109 50 
48.8342 02.2425 50 
48.8342 02.2838 50 
48.8343 02.2460 50 
48.8344 02.2197 50 
48.8344 02.2380 50 
48.8344 02.2450 50 
48.8344 02.3182 50 
48.8344 02.3325 50 
48.8344 02.3732 50 
48.8344 02.3868 50 
48.8344 02.5481 50 
48.8345 02.3777 50 
48.8346 02.5475 50 
48.8347 02.2499 50 
48.8347 02.3170 50 
48.8347 02.3530 50 
48.8347 02.4734 50 
48.8349 02.2734 50 
48.8349 02.5193 50 
48.8350 02.4060 50 
48.8351 02.2214 50 
48.8351 02.3201 50 
48.8351 02.3825 50 
48.8351 02.3986 50 
48.8351 02.4057 50 
48.8352 02.2859 50 
48.8352 02.3686 50 
48.8353 02.2685 50 
48.8353 02.2924 50 
48.8354 02.2853 50 
48.8354 02.2897 50 
48.8354 02.2926 50 
48.8354 02.3586 50 
48.8354 02.3755 50 
48.8355 02.4943 50 
48.8355 02.5861 50 
48.8356 02.3206 50 
48.8357 02.3286 50 
48.8357 02.3977 50 
48.8358 02.4016 50 
48.8358 02.5196 50 
48.8359 02.3858 50 
48.8359 02.3973 50 
48.8359 02.4058 50 
48.8360 02.5206 50 
48.8361 02.3998 50 
48.8362 02.3754 50 
48.8363 02.2365 50 
48.8363 02.4001 50 
48.8364 02.2379 50 
48.8364 02.2636 50 
48.8364 02.3783 50 
48.8364 02.4041 50 
48.8365 02.3593 50 
48.8366 02.3238 50 
48.8367 02.2782 50 
48.8367 02.3602 50 
48.8367 02.3745 50 
48.8367 02.4561 50 
48.8367 02.5473 50 
48.8368 02.3313 50 
48.8369 02.2388 50 
48.8369 02.2391 50 
48.8369 02.2980 50 
48.8369 02.3037 50 
48.8369 02.3215 50 
48.8369 02.3510 50 
48.8369 02.3728 50 
48.8369 02.3742 50 
48.8369 02.4454 50 
48.8369 02.5922 50 
48.8370 02.2365 50 
48.8372 02.2961 50 
48.8372 02.3465 50 
48.8372 02.3534 50 
48.8373 02.2964 50 
48.8373 02.2970 50 
48.8374 02.4473 50 
48.8374 02.5934 50 
48.8375 02.2578 50 
48.8375 02.3015 50 
48.8375 02.3165 50 
48.8375 02.3496 50 
48.8375 02.3830 50 
48.8376 02.2583 50 
48.8376 02.2854 50 
48.8376 02.3917 50 
48.8377 02.2726 50 
48.8377 02.2954 50 
48.8377 02.5884 50 
48.8378 02.2954 50 
48.8378 02.3462 50 
48.8379 02.2318 50 
48.8379 02.2365 50 
48.8379 02.2399 50 
48.8379 02.2404 50 
48.8379 02.2821 50 
48.8380 02.2401 50 
48.8380 02.2977 50 
48.8381 02.4596 50 
48.8382 02.2419 50 
48.8382 02.3118 50 
48.8382 02.5929 50 
48.8383 02.3504 50 
48.8383 02.4431 50 
48.8384 02.2552 50 
48.8384 02.2576 50 
48.8384 02.3811 50 
48.8384 02.3929 50 
48.8384 02.4941 50 
48.8384 02.5919 50 
48.8385 02.2931 50 
48.8385 02.2937 50 
48.8386 02.3498 50 
48.8386 02.3507 50 
48.8387 02.2573 50 
48.8387 02.3149 50 
48.8387 02.3224 50 
48.8387 02.5927 50 
48.8388 02.2497 50 
48.8388 02.3197 50 
48.8388 02.3200 50 
48.8388 02.3786 50 
48.8389 02.2551 50 
48.8389 02.3505 50 
48.8390 02.3220 50 
48.8390 02.3307 50 
48.8390 02.3808 50 
48.8390 02.3815 50 
48.8390 02.5865 50 
48.8390 02.5874 50 
48.8390 02.5931 50 
48.8391 02.2913 50 
48.8391 02.3092 50 
48.8391 02.3172 50 
48.8391 02.3390 50 
48.8392 02.2355 50 
48.8393 02.3092 50 
48.8393 02.3122 50 
48.8393 02.3798 50 
48.8393 02.3799 50 
48.8394 02.2913 50 
48.8394 02.3500 50 
48.8395 02.2707 50 
48.8395 02.3465 50 
48.8395 02.3500 50 
48.8395 02.3782 50 
48.8396 02.2663 50 
48.8396 02.3783 50 
48.8396 02.3958 50 
48.8397 02.3067 50 
48.8397 02.5468 50 
48.8397 02.5846 50 
48.8398 02.2402 50 
48.8398 02.2910 50 
48.8398 02.3209 50 
48.8398 02.3369 50 
48.8398 02.3512 50 
48.8398 02.5864 50 
48.8399 02.2357 50 
48.8399 02.3368 50 
48.8400 02.2402 50 
48.8400 02.3012 50 
48.8400 02.3146 50 
48.8400 02.3233 50 
48.8400 02.3239 50 
48.8400 02.3520 50 
48.8401 02.3031 50 
48.8401 02.3271 50 
48.8401 02.3391 50 
48.8401 02.3803 50 
48.8402 02.2582 50 
48.8402 02.2870 50 
48.8402 02.3238 50 
48.8402 02.5488 50 
48.8402 02.5492 50 
48.8403 02.3198 50 
48.8403 02.3297 50 
48.8404 02.2397 50 
48.8404 02.3240 50 
48.8404 02.3248 50 
48.8404 02.3742 50 
48.8405 02.2294 50 
48.8405 02.2889 50 
48.8405 02.3157 50 
48.8406 02.3147 50 
48.8406 02.3149 50 
48.8407 02.2283 50 
48.8407 02.2757 50 
48.8407 02.3000 50 
48.8407 02.3040 50 
48.8407 02.3235 50 
48.8407 02.3262 50 
48.8408 02.2779 50 
48.8408 02.3246 50 
48.8408 02.3247 50 
48.8408 02.3521 50 
48.8408 02.5423 50 
48.8409 02.3409 50 
48.8409 02.3508 50 
48.8409 02.3781 50 
48.8410 02.2882 50 
48.8410 02.3200 50 
48.8410 02.3310 50 
48.8411 02.2878 50 
48.8411 02.3243 50 
48.8411 02.3246 50 
48.8411 02.3748 50 
48.8413 02.2644 50 
48.8413 02.3273 50 
48.8414 02.2913 50 
48.8414 02.3193 50 
48.8414 02.3235 50 
48.8415 02.2529 50 
48.8415 02.2995 50 
48.8415 02.3210 50 
48.8415 02.3215 50 
48.8415 02.3246 50 
48.8415 02.3252 50 
48.8415 02.3261 50 
48.8415 02.4130 50 
48.8416 02.3553 50 
48.8417 02.2238 50 
48.8417 02.3084 50 
48.8417 02.3188 50 
48.8417 02.3254 50 
48.8417 02.3287 50 
48.8417 02.3555 50 
48.8417 02.3564 50 
48.8418 02.3304 50 
48.8419 02.2861 50 
48.8419 02.3129 50 
48.8419 02.3289 50 
48.8419 02.3725 50 
48.8420 02.2388 50 
48.8420 02.3206 50 
48.8420 02.3220 50 
48.8420 02.3296 50 
48.8420 02.3301 50 
48.8421 02.2641 50 
48.8421 02.2815 50 
48.8421 02.3289 50 
48.8421 02.3292 50 
48.8421 02.3293 50 
48.8421 02.3563 50 
48.8421 02.4137 50 
48.8422 02.2285 50 
48.8422 02.3043 50 
48.8423 02.3121 50 
48.8423 02.3212 50 
48.8423 02.3288 50 
48.8423 02.3498 50 
48.8423 02.3515 50 
48.8424 02.2330 50 
48.8424 02.3652 50 
48.8425 02.2331 50 
48.8425 02.2821 50 
48.8425 02.3235 50 
48.8425 02.3881 50 
48.8425 02.3977 50 
48.8425 02.3992 50 
48.8426 02.2676 50 
48.8426 02.3234 50 
48.8426 02.3283 50 
48.8426 02.3861 50 
48.8426 02.4051 50 
48.8426 02.4195 50 
48.8427 02.2820 50 
48.8427 02.3279 50 
48.8428 02.2311 50 
48.8428 02.3189 50 
48.8428 02.3301 50 
48.8428 02.5861 50 
48.8429 02.2958 50 
48.8429 02.3260 50 
48.8429 02.3485 50 
48.8429 02.3486 50 
48.8429 02.3519 50 
48.8429 02.3521 50 
48.8429 02.3841 50 
48.8429 02.3976 50 
48.8430 02.2952 50 
48.8430 02.3207 50 
48.8430 02.3409 50 
48.8431 02.3019 50 
48.8431 02.3490 50 
48.8431 02.4337 50 
48.8432 02.2221 50 
48.8432 02.2811 50 
48.8433 02.3205 50 
48.8433 02.3519 50 
48.8433 02.4189 50 
48.8434 02.3233 50 
48.8434 02.4055 50 
48.8435 02.3121 50 
48.8435 02.3249 50 
48.8435 02.3703 50 
48.8436 02.2307 50 
48.8436 02.3232 50 
48.8436 02.3271 50 
48.8437 02.2825 50 
48.8437 02.2830 50 
48.8437 02.3070 50 
48.8437 02.3391 50 
48.8439 02.3308 50 
48.8439 02.3595 50 
48.8439 02.3596 50 
48.8440 02.3879 50 
48.8440 02.3897 50 
48.8441 02.3473 50 
48.8441 02.3646 50 
48.8442 02.3234 50 
48.8442 02.3500 50 
48.8442 02.3715 50 
48.8442 02.3902 50 
48.8442 02.4889 50 
48.8443 02.3196 50 
48.8443 02.3484 50 
48.8443 02.3494 50 
48.8443 02.3745 50 
48.8444 02.2344 50 
48.8444 02.3228 50 
48.8444 02.3495 50 
48.8444 02.3876 50 
48.8445 02.3195 50 
48.8445 02.3496 50 
48.8446 02.2353 50 
48.8446 02.3097 50 
48.8446 02.3160 50 
48.8446 02.3576 50 
48.8446 02.3723 50 
48.8446 02.3836 50 
48.8447 02.3490 50 
48.8447 02.3492 50 
48.8447 02.4061 50 
48.8448 02.3740 50 
48.8448 02.3835 50 
48.8449 02.2352 50 
48.8449 02.3207 50 
48.8449 02.3740 50 
48.8450 02.3250 50 
48.8450 02.3450 50 
48.8451 02.3099 50 
48.8451 02.3528 50 
48.8451 02.3732 50 
48.8451 02.4201 50 
48.8452 02.2620 50 
48.8452 02.3834 50 
48.8452 02.4050 50 
48.8453 02.2816 50 
48.8454 02.2919 50 
48.8454 02.3101 50 
48.8454 02.3738 50 
48.8455 02.3100 50 
48.8455 02.3254 50 
48.8455 02.3712 50 
48.8455 02.3757 50 
48.8456 02.2947 50 
48.8457 02.3728 50 
48.8457 02.3732 50 
48.8457 02.4175 50 
48.8458 02.3255 50 
48.8458 02.3491 50 
48.8458 02.3644 50 
48.8459 02.2163 50 
48.8459 02.3431 50 
48.8459 02.3532 50 
48.8459 02.3783 50 
48.8459 02.3946 50 
48.8460 02.2174 50 
48.8460 02.3541 50 
48.8460 02.3548 50 
48.8460 02.3723 50 
48.8460 02.3739 50 
48.8461 02.2862 50 
48.8461 02.3237 50 
48.8462 02.2959 50 
48.8462 02.3285 50 
48.8462 02.3795 50 
48.8463 02.3332 50 
48.8463 02.3452 50 
48.8463 02.4067 50 
48.8463 02.4174 50 
48.8464 02.2768 50 
48.8464 02.2773 50 
48.8464 02.3881 50 
48.8465 02.2858 50 
48.8465 02.3307 50 
48.8465 02.3409 50 
48.8465 02.3420 50 
48.8465 02.3452 50 
48.8465 02.3670 50 
48.8465 02.3756 50 
48.8466 02.3479 50 
48.8466 02.3516 50 
48.8467 02.3441 50 
48.8467 02.3516 50 
48.8467 02.3808 50 
48.8468 02.3169 50 
48.8468 02.3267 50 
48.8468 02.3364 50 
48.8468 02.3372 50 
48.8468 02.3430 50 
48.8469 02.2753 50 
48.8469 02.3406 50 
48.8469 02.3432 50 
48.8469 02.3444 50 
48.8469 02.3458 50 
48.8469 02.3524 50 
48.8469 02.3720 50 
48.8469 02.3850 50 
48.8470 02.2748 50 
48.8470 02.2854 50 
48.8470 02.3424 50 
48.8470 02.3429 50 
48.8470 02.3572 50 
48.8470 02.3835 50 
48.8471 02.1722 50 
48.8471 02.2488 50 
48.8471 02.3960 50 
48.8472 02.2508 50 
48.8472 02.3486 50 
48.8472 02.3560 50 
48.8472 02.4110 50 
48.8472 02.4369 50 
48.8473 02.2637 50 
48.8473 02.3431 50 
48.8473 02.3465 50 
48.8473 02.3867 50 
48.8473 02.4085 50 
48.8474 02.2783 50 
48.8474 02.3387 50 
48.8475 02.2739 50 
48.8475 02.3029 50 
48.8475 02.3314 50 
48.8475 02.3406 50 
48.8475 02.3408 50 
48.8475 02.3487 50 
48.8475 02.3522 50 
48.8475 02.3526 50 
48.8476 02.3428 50 
48.8476 02.3484 50 
48.8476 02.3522 50 
48.8476 02.3524 50 
48.8477 02.2913 50 
48.8477 02.3411 50 
48.8478 02.2969 50 
48.8478 02.2979 50 
48.8478 02.3432 50 
48.8478 02.3517 50 
48.8478 02.3521 50 
48.8478 02.3766 50 
48.8479 02.2575 50 
48.8479 02.2593 50 
48.8479 02.2606 50 
48.8479 02.2829 50 
48.8479 02.3158 50 
48.8480 02.3671 50 
48.8480 02.4002 50 
48.8480 02.4005 50 
48.8481 02.3304 50 
48.8481 02.3473 50 
48.8481 02.3493 50 
48.8481 02.3771 50 
48.8482 02.3426 50 
48.8482 02.3472 50 
48.8482 02.3989 50 
48.8483 02.3426 50 
48.8483 02.3970 50 
48.8483 02.4153 50 
48.8484 02.3428 50 
48.8484 02.3678 50 
48.8484 02.3991 50 
48.8485 02.3017 50 
48.8485 02.3669 50 
48.8485 02.3723 50 
48.8485 02.3942 50 
48.8485 02.3976 50 
48.8486 02.1512 50 
48.8486 02.3428 50 
48.8486 02.3435 50 
48.8486 02.3465 50 
48.8486 02.3728 50 
48.8486 02.3972 50 
48.8487 02.2654 50 
48.8487 02.2656 50 
48.8487 02.3077 50 
48.8487 02.3485 50 
48.8487 02.3778 50 
48.8488 02.2961 50 
48.8488 02.3057 50 
48.8488 02.3389 50 
48.8488 02.3834 50 
48.8488 02.3983 50 
48.8489 02.3256 50 
48.8489 02.3476 50 
48.8489 02.3477 50 
48.8489 02.3927 50 
48.8490 02.2978 50 
48.8490 02.3773 50 
48.8490 02.3934 50 
48.8490 02.3998 50 
48.8491 02.2367 50 
48.8491 02.2979 50 
48.8491 02.2981 50 
48.8491 02.2982 50 
48.8491 02.3495 50 
48.8491 02.3721 50 
48.8492 02.3386 50 
48.8492 02.3399 50 
48.8492 02.3496 50 
48.8492 02.4176 50 
48.8493 02.2810 50 
48.8493 02.2985 50 
48.8494 02.2824 50 
48.8494 02.2955 50 
48.8494 02.3375 50 
48.8495 02.2958 50 
48.8495 02.3247 50 
48.8495 02.3401 50 
48.8496 02.3481 50 
48.8497 02.2930 50 
48.8497 02.3519 50 
48.8498 02.2987 50 
48.8498 02.3251 50 
48.8498 02.3505 50 
48.8499 02.3267 50 
48.8500 02.2834 50 
48.8500 02.3484 50 
48.8500 02.3548 50 
48.8500 02.3863 50 
48.8501 02.3176 50 
48.8501 02.3237 50 
48.8501 02.3399 50 
48.8501 02.3451 50 
48.8501 02.3452 50 
48.8501 02.3783 50 
48.8501 02.3846 50 
48.8502 02.2939 50 
48.8502 02.3177 50 
48.8502 02.3426 50 
48.8502 02.3459 50 
48.8503 02.3310 50 
48.8503 02.3482 50 
48.8503 02.3598 50 
48.8503 02.3926 50 
48.8504 02.2932 50 
48.8504 02.3273 50 
48.8504 02.3421 50 
48.8504 02.3441 50 
48.8504 02.3740 50 
48.8505 02.2821 50 
48.8505 02.2984 50 
48.8505 02.3326 50 
48.8505 02.3487 50 
48.8505 02.3525 50 
48.8505 02.3607 50 
48.8505 02.3628 50 
48.8505 02.3774 50 
48.8505 02.3924 50 
48.8506 02.3846 50 
48.8507 02.3246 50 
48.8507 02.3359 50 
48.8507 02.3683 50 
48.8507 02.3778 50 
48.8508 02.3484 50 
48.8508 02.3538 50 
48.8508 02.3766 50 
48.8508 02.3785 50 
48.8509 02.2925 50 
48.8509 02.2932 50 
48.8509 02.3000 50 
48.8509 02.3346 50 
48.8509 02.3429 50 
48.8509 02.3482 50 
48.8509 02.3840 50 
48.8509 02.3928 50 
48.8510 02.3442 50 
48.8510 02.3743 50 
48.8510 02.3835 50 
48.8510 02.4016 50 
48.8511 02.3307 50 
48.8511 02.3992 50 
48.8512 02.2958 50 
48.8512 02.3011 50 
48.8512 02.3431 50 
48.8512 02.3432 50 
48.8512 02.3765 50 
48.8513 02.2724 50 
48.8513 02.3271 50 
48.8513 02.3291 50 
48.8513 02.3393 50 
48.8513 02.3433 50 
48.8513 02.3434 50 
48.8513 02.3458 50 
48.8513 02.3460 50 
48.8513 02.3567 50 
48.8513 02.3761 50 
48.8514 02.2917 50 
48.8514 02.3328 50 
48.8514 02.3452 50 
48.8514 02.3786 50 
48.8514 02.3847 50 
48.8515 02.2790 50 
48.8515 02.3329 50 
48.8515 02.3391 50 
48.8515 02.3432 50 
48.8515 02.3576 50 
48.8515 02.3979 50 
48.8515 02.3990 50 
48.8515 02.4213 50 
48.8516 02.3135 50 
48.8516 02.3144 50 
48.8516 02.3319 50 
48.8516 02.3341 50 
48.8516 02.3383 50 
48.8516 02.3439 50 
48.8516 02.3469 50 
48.8516 02.3565 50 
48.8516 02.3638 50 
48.8517 02.3163 50 
48.8517 02.3342 50 
48.8517 02.3368 50 
48.8517 02.3383 50 
48.8517 02.3433 50 
48.8517 02.3664 50 
48.8517 02.3738 50 
48.8517 02.3742 50 
48.8517 02.4192 50 
48.8517 02.5133 50 
48.8518 02.3267 50 
48.8518 02.3336 50 
48.8518 02.3339 50 
48.8518 02.3355 50 
48.8518 02.3371 50 
48.8518 02.3379 50 
48.8518 02.3461 50 
48.8519 02.2952 50 
48.8519 02.3349 50 
48.8519 02.3352 50 
48.8519 02.3385 50 
48.8519 02.3392 50 
48.8519 02.3437 50 
48.8519 02.3443 50 
48.8519 02.3447 50 
48.8519 02.3456 50 
48.8519 02.3736 50 
48.8519 02.4014 50 
48.8520 02.3282 50 
48.8520 02.3303 50 
48.8520 02.3313 50 
48.8520 02.3337 50 
48.8520 02.3345 50 
48.8520 02.3346 50 
48.8520 02.3401 50 
48.8520 02.3482 50 
48.8520 02.3521 50 
48.8520 02.3575 50 
48.8520 02.3655 50 
48.8521 02.2238 50 
48.8521 02.2554 50 
48.8521 02.3345 50 
48.8521 02.3347 50 
48.8521 02.3686 50 
48.8521 02.3881 50 
48.8522 02.3298 50 
48.8522 02.3337 50 
48.8522 02.3387 50 
48.8522 02.3393 50 
48.8522 02.3422 50 
48.8522 02.3463 50 
48.8522 02.3727 50 
48.8522 02.3858 50 
48.8522 02.4174 50 
48.8523 02.2568 50 
48.8523 02.2614 50 
48.8523 02.3355 50 
48.8523 02.3392 50 
48.8523 02.3396 50 
48.8523 02.3479 50 
48.8523 02.3543 50 
48.8523 02.3554 50 
48.8523 02.3691 50 
48.8523 02.3727 50 
48.8523 02.3894 50 
48.8523 02.4014 50 
48.8524 02.2232 50 
48.8524 02.3323 50 
48.8524 02.3353 50 
48.8524 02.3389 50 
48.8524 02.3392 50 
48.8524 02.3432 50 
48.8524 02.3717 50 
48.8524 02.4919 50 
48.8525 02.2244 50 
48.8525 02.3337 50 
48.8525 02.3359 50 
48.8525 02.3384 50 
48.8525 02.3395 50 
48.8525 02.3407 50 
48.8525 02.3487 50 
48.8525 02.3717 50 
48.8525 02.3719 50 
48.8525 02.3862 50 
48.8525 02.3896 50 
48.8526 02.2941 50 
48.8526 02.3029 50 
48.8526 02.3239 50 
48.8526 02.3371 50 
48.8526 02.3717 50 
48.8526 02.4062 50 
48.8527 02.2774 50 
48.8527 02.3025 50 
48.8527 02.3303 50 
48.8527 02.3334 50 
48.8527 02.3352 50 
48.8527 02.3362 50 
48.8527 02.3369 50 
48.8527 02.3374 50 
48.8527 02.3443 50 
48.8527 02.3470 50 
48.8527 02.3517 50 
48.8527 02.3547 50 
48.8528 02.3235 50 
48.8528 02.3347 50 
48.8528 02.3388 50 
48.8528 02.3434 50 
48.8528 02.3535 50 
48.8528 02.3542 50 
48.8528 02.3543 50 
48.8528 02.3547 50 
48.8528 02.3898 50 
48.8528 02.4059 50 
48.8529 02.3192 50 
48.8529 02.3426 50 
48.8529 02.3432 50 
48.8529 02.3684 50 
48.8529 02.3699 50 
48.8529 02.3747 50 
48.8530 02.3440 50 
48.8530 02.3446 50 
48.8530 02.3453 50 
48.8530 02.3464 50 
48.8530 02.3535 50 
48.8530 02.3609 50 
48.8530 02.3743 50 
48.8530 02.3768 50 
48.8530 02.3982 50 
48.8531 02.3321 50 
48.8531 02.3350 50 
48.8531 02.3371 50 
48.8531 02.3470 50 
48.8532 02.3025 50 
48.8532 02.3353 50 
48.8532 02.3360 50 
48.8532 02.3370 50 
48.8532 02.3423 50 
48.8532 02.3491 50 
48.8532 02.3690 50 
48.8532 02.3692 50 
48.8532 02.3738 50 
48.8532 02.3764 50 
48.8532 02.3774 50 
48.8532 02.4843 50 
48.8533 02.2853 50 
48.8533 02.3357 50 
48.8533 02.3360 50 
48.8533 02.3361 50 
48.8533 02.3406 50 
48.8533 02.3425 50 
48.8533 02.3540 50 
48.8533 02.3578 50 
48.8533 02.3701 50 
48.8533 02.3704 50 
48.8533 02.3771 50 
48.8533 02.3773 50 
48.8533 02.3793 50 
48.8534 02.3328 50 
48.8534 02.3359 50 
48.8534 02.3361 50 
48.8534 02.3372 50 
48.8534 02.3407 50 
48.8534 02.3443 50 
48.8534 02.3455 50 
48.8534 02.3487 50 
48.8534 02.3757 50 
48.8535 02.3004 50 
48.8535 02.3151 50 
48.8535 02.3402 50 
48.8535 02.3444 50 
48.8535 02.3450 50 
48.8535 02.3455 50 
48.8535 02.3670 50 
48.8535 02.3673 50 
48.8535 02.3703 50 
48.8535 02.3801 50 
48.8535 02.3881 50 
48.8535 02.4105 50 
48.8536 02.2899 50 
48.8536 02.3126 50 
48.8536 02.3333 50 
48.8536 02.3391 50 
48.8536 02.3439 50 
48.8536 02.3678 50 
48.8536 02.3694 50 
48.8536 02.3825 50 
48.8536 02.4346 50 
48.8537 02.3330 50 
48.8537 02.3362 50 
48.8537 02.3382 50 
48.8537 02.3384 50 
48.8537 02.3390 50 
48.8537 02.3681 50 
48.8537 02.3704 50 
48.8537 02.3732 50 
48.8537 02.3810 50 
48.8538 02.3287 50 
48.8538 02.3337 50 
48.8538 02.3339 50 
48.8538 02.3359 50 
48.8538 02.3368 50 
48.8538 02.3376 50 
48.8538 02.3379 50 
48.8538 02.3380 50 
48.8538 02.3404 50 
48.8538 02.3446 50 
48.8538 02.3688 50 
48.8538 02.3711 50 
48.8538 02.3725 50 
48.8538 02.3818 50 
48.8539 02.3242 50 
48.8539 02.3332 50 
48.8539 02.3333 50 
48.8539 02.3368 50 
48.8539 02.3383 50 
48.8539 02.3384 50 
48.8539 02.3388 50 
48.8539 02.3616 50 
48.8539 02.3696 50 
48.8539 02.3724 50 
48.8539 02.3814 50 
48.8539 02.4892 50 
48.8540 02.2997 50 
48.8540 02.3326 50 
48.8540 02.3329 50 
48.8540 02.3383 50 
48.8540 02.3560 50 
48.8540 02.3610 50 
48.8540 02.3690 50 
48.8541 02.3234 50 
48.8541 02.3369 50 
48.8541 02.3370 50 
48.8541 02.3405 50 
48.8541 02.3637 50 
48.8541 02.3675 50 
48.8541 02.3699 50 
48.8541 02.3713 50 
48.8541 02.3725 50 
48.8542 02.3064 50 
48.8542 02.3305 50 
48.8542 02.3307 50 
48.8542 02.3431 50 
48.8542 02.3555 50 
48.8542 02.3587 50 
48.8542 02.3693 50 
48.8542 02.4002 50 
48.8543 02.3320 50 
48.8543 02.3330 50 
48.8543 02.3392 50 
48.8543 02.3712 50 
48.8543 02.4200 50 
48.8544 02.2890 50 
48.8544 02.3306 50 
48.8544 02.3346 50 
48.8544 02.3359 50 
48.8544 02.3551 50 
48.8544 02.3713 50 
48.8544 02.3716 50 
48.8545 02.3057 50 
48.8545 02.3334 50 
48.8545 02.3338 50 
48.8545 02.3377 50 
48.8545 02.3380 50 
48.8545 02.3493 50 
48.8545 02.3696 50 
48.8545 02.3841 50 
48.8545 02.3845 50 
48.8546 02.3057 50 
48.8546 02.3199 50 
48.8546 02.3289 50 
48.8546 02.3393 50 
48.8546 02.3673 50 
48.8546 02.3849 50 
48.8546 02.4045 50 
48.8546 02.4164 50 
48.8547 02.2694 50 
48.8547 02.3057 50 
48.8547 02.3296 50 
48.8547 02.3331 50 
48.8547 02.3362 50 
48.8547 02.3627 50 
48.8547 02.3654 50 
48.8547 02.3687 50 
48.8547 02.3852 50 
48.8547 02.4042 50 
48.8547 02.4167 50 
48.8548 02.2889 50 
48.8548 02.3379 50 
48.8548 02.3449 50 
48.8549 02.3197 50 
48.8549 02.3358 50 
48.8549 02.3660 50 
48.8549 02.3751 50 
48.8549 02.3841 50 
48.8550 02.3125 50 
48.8550 02.3552 50 
48.8550 02.3592 50 
48.8550 02.3617 50 
48.8550 02.3619 50 
48.8550 02.3627 50 
48.8550 02.3701 50 
48.8550 02.4011 50 
48.8551 02.3308 50 
48.8551 02.3377 50 
48.8551 02.3418 50 
48.8551 02.3456 50 
48.8551 02.3593 50 
48.8551 02.3684 50 
48.8551 02.3704 50 
48.8551 02.4192 50 
48.8552 02.2948 50 
48.8552 02.3012 50 
48.8552 02.3046 50 
48.8552 02.3321 50 
48.8552 02.3368 50 
48.8552 02.3399 50 
48.8552 02.3474 50 
48.8553 02.2699 50 
48.8553 02.2923 50 
48.8553 02.3399 50 
48.8553 02.3594 50 
48.8553 02.3624 50 
48.8553 02.3836 50 
48.8554 02.3158 50 
48.8554 02.3368 50 
48.8554 02.3418 50 
48.8554 02.3601 50 
48.8554 02.3628 50 
48.8554 02.3845 50 
48.8555 02.2967 50 
48.8555 02.3628 50 
48.8555 02.3742 50 
48.8555 02.3745 50 
48.8555 02.4190 50 
48.8556 02.2925 50 
48.8556 02.3164 50 
48.8556 02.3235 50 
48.8556 02.3255 50 
48.8556 02.3592 50 
48.8556 02.3749 50 
48.8556 02.3752 50 
48.8556 02.3950 50 
48.8556 02.4161 50 
48.8556 02.4215 50 
48.8557 02.3026 50 
48.8557 02.3048 50 
48.8557 02.3080 50 
48.8557 02.3334 50 
48.8558 02.3338 50 
48.8558 02.3468 50 
48.8558 02.3653 50 
48.8558 02.3733 50 
48.8558 02.3748 50 
48.8559 02.2984 50 
48.8559 02.3256 50 
48.8559 02.3294 50 
48.8559 02.3456 50 
48.8559 02.3593 50 
48.8559 02.3643 50 
48.8559 02.3664 50 
48.8559 02.4147 50 
48.8560 02.3128 50 
48.8560 02.3259 50 
48.8560 02.3341 50 
48.8560 02.3604 50 
48.8560 02.3657 50 
48.8560 02.3797 50 
48.8560 02.4244 50 
48.8561 02.3050 50 
48.8561 02.3150 50 
48.8561 02.3224 50 
48.8561 02.3228 50 
48.8561 02.3398 50 
48.8561 02.3653 50 
48.8561 02.3812 50 
48.8562 02.3045 50 
48.8562 02.3051 50 
48.8562 02.3062 50 
48.8562 02.3591 50 
48.8562 02.3612 50 
48.8562 02.3668 50 
48.8563 02.2925 50 
48.8563 02.3265 50 
48.8563 02.3316 50 
48.8563 02.3569 50 
48.8563 02.3570 50 
48.8563 02.3593 50 
48.8564 02.3408 50 
48.8564 02.3508 50 
48.8564 02.3649 50 
48.8564 02.3745 50 
48.8565 02.2794 50 
48.8565 02.2968 50 
48.8565 02.2979 50 
48.8565 02.3059 50 
48.8565 02.3064 50 
48.8565 02.3354 50 
48.8565 02.3432 50 
48.8565 02.3524 50 
48.8565 02.3566 50 
48.8565 02.3567 50 
48.8566 02.3248 50 
48.8566 02.3419 50 
48.8566 02.3480 50 
48.8566 02.3605 50 
48.8566 02.3781 50 
48.8567 02.2844 50 
48.8567 02.2898 50 
48.8567 02.3273 50 
48.8567 02.3274 50 
48.8567 02.3389 50 
48.8567 02.3405 50 
48.8567 02.3510 50 
48.8567 02.3551 50 
48.8567 02.3553 50 
48.8567 02.3554 50 
48.8567 02.3556 50 
48.8567 02.3705 50 
48.8568 02.2804 50 
48.8568 02.3279 50 
48.8568 02.3316 50 
48.8568 02.3396 50 
48.8568 02.3422 50 
48.8568 02.3554 50 
48.8568 02.3589 50 
48.8569 02.2931 50 
48.8569 02.3348 50 
48.8569 02.3416 50 
48.8569 02.3555 50 
48.8569 02.3557 50 
48.8569 02.3559 50 
48.8569 02.3560 50 
48.8569 02.3633 50 
48.8570 02.3277 50 
48.8570 02.3602 50 
48.8570 02.3664 50 
48.8570 02.3685 50 
48.8571 02.3472 50 
48.8571 02.3487 50 
48.8571 02.3508 50 
48.8571 02.3580 50 
48.8571 02.3682 50 
48.8572 02.3044 50 
48.8572 02.3196 50 
48.8572 02.3550 50 
48.8573 02.3033 50 
48.8573 02.3059 50 
48.8573 02.3261 50 
48.8573 02.3296 50 
48.8573 02.3416 50 
48.8573 02.3471 50 
48.8573 02.3504 50 
48.8573 02.3555 50 
48.8573 02.3575 50 
48.8573 02.3590 50 
48.8573 02.3622 50 
48.8573 02.3728 50 
48.8574 02.2206 50 
48.8574 02.3478 50 
48.8574 02.3544 50 
48.8574 02.3587 50 
48.8574 02.3632 50 
48.8575 02.2550 50 
48.8575 02.2804 50 
48.8575 02.3008 50 
48.8575 02.3468 50 
48.8575 02.3494 50 
48.8575 02.3534 50 
48.8575 02.3566 50 
48.8575 02.3614 50 
48.8575 02.3681 50 
48.8576 02.2809 50 
48.8576 02.3059 50 
48.8576 02.3105 50 
48.8576 02.3368 50 
48.8576 02.3369 50 
48.8576 02.3467 50 
48.8576 02.3487 50 
48.8576 02.3489 50 
48.8576 02.3498 50 
48.8576 02.3586 50 
48.8576 02.3606 50 
48.8576 02.3614 50 
48.8576 02.3800 50 
48.8576 02.3803 50 
48.8577 02.2751 50 
48.8577 02.2775 50 
48.8577 02.2778 50 
48.8577 02.2802 50 
48.8577 02.2805 50 
48.8577 02.3002 50 
48.8577 02.3471 50 
48.8577 02.3544 50 
48.8578 02.2856 50 
48.8578 02.3407 50 
48.8578 02.3479 50 
48.8578 02.3531 50 
48.8578 02.3543 50 
48.8578 02.3568 50 
48.8578 02.3678 50 
48.8578 02.3801 50 
48.8578 02.3845 50 
48.8578 02.3992 50 
48.8579 02.2679 50 
48.8579 02.2773 50 
48.8579 02.2855 50 
48.8579 02.3547 50 
48.8579 02.3575 50 
48.8579 02.3622 50 
48.8580 02.2748 50 
48.8580 02.2756 50 
48.8580 02.2945 50 
48.8580 02.3105 50 
48.8580 02.3354 50 
48.8580 02.3465 50 
48.8580 02.3477 50 
48.8580 02.3488 50 
48.8580 02.3526 50 
48.8580 02.3548 50 
48.8580 02.3591 50 
48.8580 02.3625 50 
48.8580 02.3690 50 
48.8580 02.4363 50 
48.8581 02.2721 50 
48.8581 02.2742 50 
48.8581 02.2748 50 
48.8581 02.3103 50 
48.8581 02.3528 50 
48.8581 02.3567 50 
48.8581 02.3589 50 
48.8581 02.3622 50 
48.8581 02.3623 50 
48.8581 02.3712 50 
48.8582 02.2724 50 
48.8582 02.3288 50 
48.8582 02.3387 50 
48.8582 02.3547 50 
48.8582 02.3549 50 
48.8583 02.2573 50 
48.8583 02.2877 50 
48.8583 02.2944 50 
48.8583 02.3234 50 
48.8583 02.3473 50 
48.8583 02.3533 50 
48.8583 02.3589 50 
48.8583 02.3593 50 
48.8583 02.3618 50 
48.8583 02.3693 50 
48.8584 02.2732 50 
48.8584 02.2749 50 
48.8584 02.3091 50 
48.8584 02.3424 50 
48.8584 02.3523 50 
48.8584 02.3554 50 
48.8585 02.2948 50 
48.8585 02.3117 50 
48.8585 02.3168 50 
48.8585 02.3297 50 
48.8585 02.3515 50 
48.8585 02.3518 50 
48.8585 02.3547 50 
48.8585 02.3586 50 
48.8586 02.3374 50 
48.8586 02.3375 50 
48.8586 02.3418 50 
48.8586 02.3553 50 
48.8586 02.4364 50 
48.8587 02.2800 50 
48.8587 02.3525 50 
48.8587 02.3680 50 
48.8588 02.3905 50 
48.8589 02.2997 50 
48.8589 02.3195 50 
48.8589 02.3219 50 
48.8589 02.3486 50 
48.8589 02.3536 50 
48.8589 02.4430 50 
48.8590 02.2931 50 
48.8590 02.3426 50 
48.8590 02.3472 50 
48.8590 02.3485 50 
48.8590 02.3541 50 
48.8591 02.1061 50 
48.8591 02.3197 50 
48.8591 02.3452 50 
48.8591 02.3683 50 
48.8592 02.2746 50 
48.8592 02.2920 50 
48.8592 02.3499 50 
48.8592 02.3524 50 
48.8592 02.3527 50 
48.8592 02.3536 50 
48.8592 02.3920 50 
48.8593 02.3293 50 
48.8593 02.3305 50 
48.8593 02.3474 50 
48.8593 02.3479 50 
48.8594 02.3005 50 
48.8594 02.3069 50 
48.8594 02.3185 50 
48.8594 02.3495 50 
48.8594 02.3524 50 
48.8594 02.3526 50 
48.8595 02.2775 50 
48.8595 02.3143 50 
48.8595 02.3155 50 
48.8595 02.3257 50 
48.8595 02.3436 50 
48.8595 02.3457 50 
48.8595 02.3466 50 
48.8595 02.3473 50 
48.8595 02.3498 50 
48.8595 02.3510 50 
48.8595 02.3542 50 
48.8595 02.3559 50 
48.8596 02.3082 50 
48.8596 02.3476 50 
48.8596 02.3514 50 
48.8596 02.3677 50 
48.8596 02.4028 50 
48.8596 02.4048 50 
48.8597 02.3483 50 
48.8597 02.3504 50 
48.8597 02.3515 50 
48.8597 02.3522 50 
48.8597 02.3611 50 
48.8597 02.3670 50 
48.8597 02.4321 50 
48.8597 02.4335 50 
48.8598 02.3243 50 
48.8598 02.3431 50 
48.8598 02.3438 50 
48.8598 02.3844 50 
48.8598 02.4080 50 
48.8599 02.3092 50 
48.8599 02.3467 50 
48.8599 02.3528 50 
48.8599 02.3607 50 
48.8599 02.3608 50 
48.8600 02.3102 50 
48.8600 02.3104 50 
48.8600 02.3263 50 
48.8600 02.3482 50 
48.8600 02.3487 50 
48.8600 02.3491 50 
48.8600 02.3497 50 
48.8600 02.3504 50 
48.8600 02.3571 50 
48.8600 02.3609 50 
48.8601 02.3012 50 
48.8601 02.3086 50 
48.8601 02.3183 50 
48.8601 02.3251 50 
48.8601 02.3368 50 
48.8601 02.3499 50 
48.8601 02.3536 50 
48.8601 02.3646 50 
48.8602 02.3262 50 
48.8602 02.3411 50 
48.8602 02.3434 50 
48.8602 02.3473 50 
48.8602 02.3521 50 
48.8602 02.3531 50 
48.8602 02.3678 50 
48.8602 02.3721 50 
48.8603 02.2767 50 
48.8603 02.2799 50 
48.8603 02.2900 50 
48.8603 02.3175 50 
48.8603 02.3406 50 
48.8603 02.3440 50 
48.8604 02.2785 50 
48.8604 02.3124 50 
48.8604 02.3421 50 
48.8604 02.3521 50 
48.8604 02.3524 50 
48.8605 02.2914 50 
48.8605 02.3184 50 
48.8605 02.3493 50 
48.8605 02.3496 50 
48.8605 02.3512 50 
48.8605 02.3678 50 
48.8606 02.2748 50 
48.8606 02.3370 50 
48.8606 02.3412 50 
48.8606 02.3475 50 
48.8606 02.3480 50 
48.8606 02.3496 50 
48.8606 02.3509 50 
48.8606 02.3947 50 
48.8606 02.4397 50 
48.8607 02.1812 50 
48.8607 02.3520 50 
48.8607 02.3524 50 
48.8607 02.3593 50 
48.8608 02.3066 50 
48.8608 02.3405 50 
48.8608 02.3408 50 
48.8608 02.3411 50 
48.8608 02.3421 50 
48.8608 02.3620 50 
48.8608 02.3680 50 
48.8609 02.2974 50 
48.8609 02.3013 50 
48.8609 02.3424 50 
48.8609 02.3447 50 
48.8609 02.3484 50 
48.8609 02.3544 50 
48.8609 02.3667 50 
48.8609 02.3673 50 
48.8609 02.3688 50 
48.8609 02.3790 50 
48.8610 02.2901 50 
48.8610 02.3142 50 
48.8610 02.3461 50 
48.8610 02.3477 50 
48.8610 02.3523 50 
48.8610 02.3680 50 
48.8610 02.3806 50 
48.8611 02.2698 50 
48.8611 02.3062 50 
48.8611 02.3410 50 
48.8611 02.3425 50 
48.8611 02.3449 50 
48.8611 02.3450 50 
48.8611 02.3510 50 
48.8611 02.3537 50 
48.8611 02.3584 50 
48.8612 02.2778 50 
48.8612 02.2951 50 
48.8612 02.3089 50 
48.8612 02.3581 50 
48.8612 02.3816 50 
48.8613 02.3104 50 
48.8613 02.3249 50 
48.8613 02.3498 50 
48.8613 02.3674 50 
48.8613 02.3742 50 
48.8614 02.3341 50 
48.8614 02.3439 50 
48.8614 02.3471 50 
48.8614 02.3508 50 
48.8614 02.3638 50 
48.8615 02.2783 50 
48.8615 02.2785 50 
48.8615 02.3341 50 
48.8615 02.3426 50 
48.8615 02.3476 50 
48.8615 02.3477 50 
48.8615 02.3487 50 
48.8615 02.3491 50 
48.8615 02.3516 50 
48.8615 02.3520 50 
48.8615 02.3706 50 
48.8615 02.4148 50 
48.8616 02.2893 50 
48.8616 02.3246 50 
48.8616 02.3332 50 
48.8616 02.3343 50 
48.8616 02.3447 50 
48.8616 02.3452 50 
48.8616 02.3465 50 
48.8616 02.3466 50 
48.8616 02.3472 50 
48.8616 02.3586 50 
48.8616 02.3671 50 
48.8617 02.3451 50 
48.8617 02.3705 50 
48.8617 02.4317 50 
48.8618 02.1153 50 
48.8618 02.2319 50 
48.8618 02.2337 50 
48.8618 02.2876 50 
48.8618 02.3152 50 
48.8618 02.3347 50 
48.8618 02.3368 50 
48.8618 02.3395 50 
48.8618 02.3406 50 
48.8618 02.3424 50 
48.8618 02.3441 50 
48.8618 02.3442 50 
48.8618 02.3456 50 
48.8618 02.4426 50 
48.8619 02.2879 50 
48.8619 02.3396 50 
48.8619 02.3410 50 
48.8619 02.3434 50 
48.8619 02.3435 50 
48.8619 02.3450 50 
48.8619 02.3451 50 
48.8619 02.3458 50 
48.8619 02.3481 50 
48.8619 02.3502 50 
48.8619 02.3518 50 
48.8619 02.3699 50 
48.8620 02.2911 50 
48.8620 02.3398 50 
48.8621 02.2766 50 
48.8621 02.2887 50 
48.8621 02.2890 50 
48.8621 02.2964 50 
48.8621 02.3152 50 
48.8621 02.3393 50 
48.8621 02.3440 50 
48.8621 02.3452 50 
48.8621 02.3592 50 
48.8622 02.3227 50 
48.8622 02.3365 50 
48.8622 02.3388 50 
48.8622 02.3440 50 
48.8622 02.3441 50 
48.8622 02.3483 50 
48.8622 02.3545 50 
48.8622 02.4006 50 
48.8623 02.2763 50 
48.8623 02.2882 50 
48.8623 02.3392 50 
48.8623 02.3482 50 
48.8623 02.3637 50 
48.8624 02.2764 50 
48.8624 02.3356 50 
48.8624 02.3357 50 
48.8624 02.3369 50 
48.8624 02.3422 50 
48.8624 02.3449 50 
48.8624 02.3520 50 
48.8625 02.3367 50 
48.8625 02.3416 50 
48.8625 02.3433 50 
48.8625 02.3451 50 
48.8625 02.3722 50 
48.8625 02.3854 50 
48.8626 02.2766 50 
48.8626 02.2806 50 
48.8626 02.2807 50 
48.8626 02.3367 50 
48.8626 02.3368 50 
48.8626 02.3487 50 
48.8626 02.3632 50 
48.8626 02.3670 50 
48.8627 02.2758 50 
48.8627 02.2764 50 
48.8627 02.2765 50 
48.8627 02.3369 50 
48.8627 02.3408 50 
48.8627 02.3433 50 
48.8627 02.3437 50 
48.8627 02.3623 50 
48.8627 02.3628 50 
48.8628 02.3116 50 
48.8628 02.3196 50 
48.8628 02.3366 50 
48.8628 02.3418 50 
48.8628 02.3472 50 
48.8628 02.3481 50 
48.8628 02.3872 50 
48.8629 02.3415 50 
48.8629 02.3498 50 
48.8629 02.3624 50 
48.8629 02.3625 50 
48.8629 02.3874 50 
48.8630 02.2765 50 
48.8630 02.3394 50 
48.8630 02.3422 50 
48.8630 02.3460 50 
48.8630 02.3466 50 
48.8630 02.3611 50 
48.8630 02.3627 50 
48.8631 02.2892 50 
48.8631 02.3422 50 
48.8631 02.3710 50 
48.8632 02.2880 50 
48.8632 02.3301 50 
48.8632 02.3337 50 
48.8632 02.3338 50 
48.8632 02.3354 50 
48.8632 02.3359 50 
48.8632 02.3417 50 
48.8632 02.3444 50 
48.8632 02.3458 50 
48.8632 02.3620 50 
48.8633 02.2867 50 
48.8633 02.2975 50 
48.8633 02.3036 50 
48.8633 02.3194 50 
48.8633 02.3284 50 
48.8633 02.3339 50 
48.8633 02.3442 50 
48.8633 02.3464 50 
48.8633 02.3565 50 
48.8633 02.3671 50 
48.8633 02.4642 50 
48.8634 02.2735 50 
48.8634 02.2765 50 
48.8634 02.2877 50 
48.8634 02.2925 50 
48.8634 02.3331 50 
48.8634 02.3333 50 
48.8634 02.3340 50 
48.8634 02.3355 50 
48.8634 02.3397 50 
48.8634 02.3443 50 
48.8634 02.3466 50 
48.8634 02.3611 50 
48.8635 02.2975 50 
48.8635 02.3015 50 
48.8635 02.3329 50 
48.8635 02.3371 50 
48.8635 02.3428 50 
48.8635 02.3433 50 
48.8635 02.3469 50 
48.8635 02.3503 50 
48.8635 02.3504 50 
48.8636 02.2867 50 
48.8636 02.3284 50 
48.8636 02.3353 50 
48.8636 02.3480 50 
48.8636 02.3491 50 
48.8636 02.3666 50 
48.8637 02.2875 50 
48.8637 02.3135 50 
48.8637 02.3491 50 
48.8637 02.3611 50 
48.8637 02.3613 50 
48.8637 02.3702 50 
48.8638 02.2744 50 
48.8638 02.3226 50 
48.8638 02.3492 50 
48.8638 02.3501 50 
48.8638 02.3700 50 
48.8638 02.4442 50 
48.8639 02.3216 50 
48.8639 02.3308 50 
48.8639 02.3341 50 
48.8639 02.3344 50 
48.8639 02.3456 50 
48.8639 02.3490 50 
48.8639 02.3503 50 
48.8640 02.2936 50 
48.8640 02.3218 50 
48.8640 02.3419 50 
48.8640 02.3467 50 
48.8640 02.3488 50 
48.8640 02.3614 50 
48.8640 02.3623 50 
48.8640 02.3662 50 
48.8640 02.3687 50 
48.8640 02.3705 50 
48.8641 02.2785 50 
48.8641 02.3039 50 
48.8641 02.3136 50 
48.8641 02.3445 50 
48.8641 02.3501 50 
48.8641 02.3502 50 
48.8641 02.3783 50 
48.8641 02.3807 50 
48.8642 02.3008 50 
48.8642 02.3418 50 
48.8642 02.3500 50 
48.8642 02.3631 50 
48.8642 02.3689 50 
48.8642 02.5877 50 
48.8643 02.2723 50 
48.8643 02.2784 50 
48.8643 02.2962 50 
48.8643 02.3361 50 
48.8643 02.3440 50 
48.8643 02.3442 50 
48.8643 02.3467 50 
48.8643 02.3499 50 
48.8643 02.3503 50 
48.8643 02.3530 50 
48.8643 02.3608 50 
48.8643 02.3647 50 
48.8643 02.3650 50 
48.8643 02.3653 50 
48.8644 02.2826 50 
48.8644 02.3290 50 
48.8644 02.3348 50 
48.8644 02.3467 50 
48.8644 02.3472 50 
48.8644 02.3526 50 
48.8644 02.3527 50 
48.8644 02.3688 50 
48.8645 02.3359 50 
48.8645 02.3496 50 
48.8645 02.3543 50 
48.8646 02.2943 50 
48.8646 02.3264 50 
48.8646 02.3348 50 
48.8646 02.3454 50 
48.8646 02.3466 50 
48.8646 02.3480 50 
48.8646 02.3544 50 
48.8647 02.2883 50 
48.8647 02.2960 50 
48.8647 02.3293 50 
48.8647 02.3451 50 
48.8647 02.3458 50 
48.8647 02.3477 50 
48.8647 02.3478 50 
48.8647 02.3561 50 
48.8647 02.3985 50 
48.8648 02.3005 50 
48.8648 02.3017 50 
48.8648 02.3310 50 
48.8648 02.3328 50 
48.8648 02.3458 50 
48.8648 02.3485 50 
48.8648 02.3495 50 
48.8648 02.3629 50 
48.8648 02.3776 50 
48.8649 02.2870 50 
48.8649 02.2890 50 
48.8649 02.3009 50 
48.8649 02.3287 50 
48.8649 02.3468 50 
48.8650 02.2945 50 
48.8650 02.3139 50 
48.8650 02.3222 50 
48.8650 02.3280 50 
48.8650 02.3282 50 
48.8650 02.3329 50 
48.8650 02.3367 50 
48.8650 02.3374 50 
48.8650 02.3467 50 
48.8650 02.3472 50 
48.8650 02.3481 50 
48.8650 02.3519 50 
48.8650 02.3571 50 
48.8651 02.2892 50 
48.8651 02.3006 50 
48.8651 02.3273 50 
48.8651 02.3320 50 
48.8651 02.3469 50 
48.8651 02.3471 50 
48.8651 02.3629 50 
48.8651 02.3798 50 
48.8651 02.3986 50 
48.8652 02.2904 50 
48.8652 02.3203 50 
48.8652 02.3282 50 
48.8652 02.3283 50 
48.8652 02.3332 50 
48.8652 02.3349 50 
48.8652 02.3451 50 
48.8652 02.3453 50 
48.8652 02.3469 50 
48.8652 02.3475 50 
48.8652 02.3494 50 
48.8652 02.3557 50 
48.8653 02.2955 50 
48.8653 02.3015 50 
48.8653 02.3299 50 
48.8653 02.3308 50 
48.8653 02.3312 50 
48.8653 02.3468 50 
48.8653 02.3473 50 
48.8653 02.3480 50 
48.8653 02.3556 50 
48.8653 02.3631 50 
48.8653 02.3744 50 
48.8653 02.3779 50 
48.8653 02.3987 50 
48.8653 02.4165 50 
48.8654 02.3380 50 
48.8654 02.3412 50 
48.8654 02.3427 50 
48.8654 02.3431 50 
48.8654 02.3478 50 
48.8655 02.2886 50 
48.8655 02.2910 50 
48.8655 02.2968 50 
48.8655 02.3308 50 
48.8655 02.3472 50 
48.8656 02.3209 50 
48.8656 02.3306 50 
48.8656 02.3454 50 
48.8656 02.3467 50 
48.8656 02.3573 50 
48.8656 02.3606 50 
48.8656 02.3768 50 
48.8656 02.3809 50 
48.8656 02.4160 50 
48.8657 02.3242 50 
48.8657 02.3353 50 
48.8657 02.3566 50 
48.8657 02.3776 50 
48.8658 02.3109 50 
48.8658 02.3218 50 
48.8658 02.3232 50 
48.8658 02.3261 50 
48.8658 02.3380 50 
48.8658 02.3460 50 
48.8658 02.3467 50 
48.8658 02.3688 50 
48.8658 02.3777 50 
48.8658 02.3778 50 
48.8658 02.3779 50 
48.8659 02.2963 50 
48.8659 02.3014 50 
48.8659 02.3015 50 
48.8659 02.3124 50 
48.8659 02.3209 50 
48.8659 02.3356 50 
48.8659 02.3433 50 
48.8659 02.3447 50 
48.8659 02.3461 50 
48.8659 02.3499 50 
48.8659 02.3517 50 
48.8659 02.3700 50 
48.8659 02.3738 50 
48.8659 02.3786 50 
48.8660 02.3047 50 
48.8660 02.3149 50 
48.8660 02.3339 50 
48.8660 02.3409 50 
48.8660 02.3471 50 
48.8660 02.3683 50 
48.8661 02.3044 50 
48.8661 02.3125 50 
48.8661 02.3250 50 
48.8661 02.3291 50 
48.8661 02.3333 50 
48.8661 02.3380 50 
48.8661 02.3395 50 
48.8661 02.3396 50 
48.8661 02.3470 50 
48.8661 02.3791 50 
48.8662 02.3243 50 
48.8662 02.3335 50 
48.8662 02.3340 50 
48.8662 02.3355 50 
48.8662 02.3441 50 
48.8662 02.3459 50 
48.8662 02.3471 50 
48.8662 02.3525 50 
48.8662 02.3554 50 
48.8662 02.3798 50 
48.8663 02.3225 50 
48.8663 02.3234 50 
48.8663 02.3257 50 
48.8663 02.3381 50 
48.8663 02.3386 50 
48.8663 02.3413 50 
48.8663 02.3421 50 
48.8663 02.3436 50 
48.8663 02.3447 50 
48.8663 02.3505 50 
48.8663 02.3685 50 
48.8663 02.3794 50 
48.8663 02.3800 50 
48.8663 02.4169 50 
48.8663 02.4177 50 
48.8664 02.2949 50 
48.8664 02.3103 50 
48.8664 02.3126 50 
48.8664 02.3284 50 
48.8664 02.3313 50 
48.8664 02.3445 50 
48.8664 02.3472 50 
48.8664 02.3654 50 
48.8664 02.3721 50 
48.8664 02.3803 50 
48.8665 02.2861 50 
48.8665 02.3103 50 
48.8665 02.3257 50 
48.8665 02.3278 50 
48.8665 02.3319 50 
48.8665 02.3357 50 
48.8665 02.3383 50 
48.8665 02.3389 50 
48.8665 02.3606 50 
48.8665 02.3646 50 
48.8665 02.3672 50 
48.8666 02.2890 50 
48.8666 02.2968 50 
48.8666 02.3058 50 
48.8666 02.3339 50 
48.8666 02.3341 50 
48.8666 02.3409 50 
48.8666 02.3513 50 
48.8666 02.3514 50 
48.8666 02.3834 50 
48.8667 02.3257 50 
48.8667 02.3265 50 
48.8667 02.3452 50 
48.8667 02.3471 50 
48.8667 02.3728 50 
48.8667 02.3737 50 
48.8667 02.4027 50 
48.8668 02.1390 50 
48.8668 02.2799 50 
48.8668 02.2978 50 
48.8668 02.3081 50 
48.8668 02.3177 50 
48.8668 02.3476 50 
48.8668 02.3640 50 
48.8669 02.3219 50 
48.8669 02.3229 50 
48.8669 02.3440 50 
48.8669 02.3663 50 
48.8669 02.3742 50 
48.8669 02.3831 50 
48.8670 02.2905 50 
48.8670 02.2973 50 
48.8670 02.3014 50 
48.8670 02.3474 50 
48.8671 02.3022 50 
48.8671 02.3061 50 
48.8671 02.3201 50 
48.8671 02.3210 50 
48.8671 02.3338 50 
48.8671 02.3358 50 
48.8671 02.3424 50 
48.8671 02.3551 50 
48.8672 02.3063 50 
48.8672 02.3321 50 
48.8672 02.3477 50 
48.8672 02.3630 50 
48.8672 02.3634 50 
48.8672 02.3653 50 
48.8673 02.2267 50 
48.8673 02.2901 50 
48.8673 02.3145 50 
48.8673 02.3153 50 
48.8673 02.3213 50 
48.8673 02.3322 50 
48.8673 02.3325 50 
48.8673 02.3339 50 
48.8673 02.3474 50 
48.8673 02.3851 50 
48.8673 02.4008 50 
48.8674 02.2976 50 
48.8674 02.2989 50 
48.8674 02.3027 50 
48.8674 02.3292 50 
48.8674 02.3322 50 
48.8674 02.3323 50 
48.8674 02.3439 50 
48.8674 02.3474 50 
48.8674 02.3477 50 
48.8675 02.3077 50 
48.8675 02.3135 50 
48.8675 02.3136 50 
48.8675 02.3160 50 
48.8675 02.3305 50 
48.8675 02.3345 50 
48.8675 02.3367 50 
48.8675 02.3424 50 
48.8675 02.3438 50 
48.8675 02.3474 50 
48.8675 02.3638 50 
48.8675 02.3645 50 
48.8676 02.2978 50 
48.8676 02.3007 50 
48.8676 02.3055 50 
48.8676 02.3104 50 
48.8676 02.3369 50 
48.8677 02.3103 50 
48.8677 02.3150 50 
48.8677 02.3294 50 
48.8677 02.3372 50 
48.8677 02.3463 50 
48.8677 02.3591 50 
48.8677 02.3749 50 
48.8678 02.3027 50 
48.8678 02.3268 50 
48.8678 02.3437 50 
48.8679 02.2811 50 
48.8679 02.2812 50 
48.8679 02.2822 50 
48.8679 02.2994 50 
48.8679 02.3103 50 
48.8679 02.3780 50 
48.8679 02.3918 50 
48.8680 02.2957 50 
48.8680 02.3013 50 
48.8680 02.3027 50 
48.8680 02.3392 50 
48.8680 02.3439 50 
48.8680 02.3460 50 
48.8680 02.3463 50 
48.8680 02.3668 50 
48.8680 02.3890 50 
48.8681 02.3011 50 
48.8681 02.3052 50 
48.8681 02.3438 50 
48.8681 02.3459 50 
48.8681 02.3612 50 
48.8681 02.3627 50 
48.8682 02.2936 50 
48.8682 02.3542 50 
48.8682 02.3728 50 
48.8683 02.2216 50 
48.8683 02.3013 50 
48.8683 02.3162 50 
48.8683 02.3847 50 
48.8684 02.3396 50 
48.8684 02.3520 50 
48.8684 02.3664 50 
48.8684 02.3862 50 
48.8685 02.3271 50 
48.8685 02.3301 50 
48.8685 02.3457 50 
48.8685 02.3539 50 
48.8685 02.3894 50 
48.8685 02.3920 50 
48.8686 02.2980 50 
48.8686 02.3090 50 
48.8686 02.3298 50 
48.8686 02.3302 50 
48.8686 02.3469 50 
48.8686 02.3629 50 
48.8686 02.3650 50 
48.8687 02.2820 50 
48.8687 02.3012 50 
48.8687 02.3232 50 
48.8687 02.3234 50 
48.8687 02.3246 50 
48.8687 02.3251 50 
48.8687 02.3255 50 
48.8687 02.3274 50 
48.8687 02.3417 50 
48.8687 02.3420 50 
48.8687 02.3726 50 
48.8688 02.2986 50 
48.8688 02.3096 50 
48.8688 02.3217 50 
48.8688 02.3377 50 
48.8688 02.3394 50 
48.8688 02.3402 50 
48.8688 02.3678 50 
48.8689 02.3016 50 
48.8689 02.3215 50 
48.8689 02.3216 50 
48.8689 02.3242 50 
48.8689 02.3254 50 
48.8689 02.3301 50 
48.8689 02.3372 50 
48.8689 02.3375 50 
48.8689 02.3561 50 
48.8689 02.3803 50 
48.8689 02.4482 50 
48.8690 02.3101 50 
48.8690 02.3216 50 
48.8690 02.3271 50 
48.8690 02.3298 50 
48.8690 02.3330 50 
48.8690 02.3399 50 
48.8690 02.3431 50 
48.8690 02.3433 50 
48.8690 02.3566 50 
48.8690 02.3592 50 
48.8690 02.3807 50 
48.8690 02.4484 50 
48.8691 02.3073 50 
48.8691 02.3084 50 
48.8691 02.3231 50 
48.8691 02.3254 50 
48.8691 02.3325 50 
48.8691 02.3327 50 
48.8691 02.3404 50 
48.8691 02.3436 50 
48.8691 02.3551 50 
48.8691 02.3560 50 
48.8691 02.3632 50 
48.8692 02.3006 50 
48.8692 02.3020 50 
48.8692 02.3034 50 
48.8692 02.3085 50 
48.8692 02.3099 50 
48.8692 02.3207 50 
48.8692 02.3208 50 
48.8692 02.3238 50 
48.8692 02.3247 50 
48.8692 02.3307 50 
48.8692 02.3329 50 
48.8692 02.3406 50 
48.8693 02.2272 50 
48.8693 02.2273 50 
48.8693 02.2842 50 
48.8693 02.3016 50 
48.8693 02.3093 50 
48.8693 02.3246 50 
48.8693 02.3289 50 
48.8693 02.3291 50 
48.8693 02.3326 50 
48.8693 02.3406 50 
48.8693 02.3459 50 
48.8693 02.3551 50 
48.8693 02.3569 50 
48.8694 02.2888 50 
48.8694 02.3140 50 
48.8694 02.3251 50 
48.8694 02.3317 50 
48.8694 02.3349 50 
48.8694 02.3360 50 
48.8694 02.3384 50 
48.8694 02.3622 50 
48.8694 02.3670 50 
48.8695 02.3032 50 
48.8695 02.3052 50 
48.8695 02.3065 50 
48.8695 02.3240 50 
48.8695 02.3249 50 
48.8695 02.3254 50 
48.8695 02.3357 50 
48.8695 02.3358 50 
48.8695 02.3364 50 
48.8696 02.1070 50 
48.8696 02.3012 50 
48.8696 02.3235 50 
48.8696 02.3255 50 
48.8696 02.3441 50 
48.8696 02.3442 50 
48.8696 02.3492 50 
48.8696 02.3609 50 
48.8696 02.3645 50 
48.8697 02.2736 50 
48.8697 02.3054 50 
48.8697 02.3080 50 
48.8697 02.3114 50 
48.8697 02.3507 50 
48.8698 02.2973 50 
48.8698 02.3042 50 
48.8698 02.3072 50 
48.8698 02.3239 50 
48.8698 02.3325 50 
48.8699 02.2851 50 
48.8699 02.3043 50 
48.8699 02.3068 50 
48.8699 02.3072 50 
48.8699 02.3410 50 
48.8699 02.3548 50 
48.8700 02.3001 50 
48.8700 02.3010 50 
48.8700 02.3056 50 
48.8700 02.3059 50 
48.8700 02.3073 50 
48.8700 02.3074 50 
48.8700 02.3080 50 
48.8700 02.3209 50 
48.8700 02.3278 50 
48.8700 02.3281 50 
48.8700 02.3282 50 
48.8700 02.3389 50 
48.8700 02.3392 50 
48.8700 02.3463 50 
48.8700 02.3514 50 
48.8701 02.2990 50 
48.8701 02.3071 50 
48.8701 02.3078 50 
48.8701 02.3111 50 
48.8701 02.3189 50 
48.8701 02.3241 50 
48.8701 02.3339 50 
48.8702 02.2857 50 
48.8702 02.3008 50 
48.8702 02.3044 50 
48.8702 02.3057 50 
48.8702 02.3067 50 
48.8702 02.3232 50 
48.8702 02.3285 50 
48.8702 02.3292 50 
48.8702 02.3419 50 
48.8702 02.3504 50 
48.8702 02.3507 50 
48.8702 02.3525 50 
48.8702 02.3537 50 
48.8703 02.2298 50 
48.8703 02.2925 50 
48.8703 02.3012 50 
48.8703 02.3044 50 
48.8703 02.3101 50 
48.8703 02.3179 50 
48.8703 02.3257 50 
48.8703 02.3294 50 
48.8703 02.3329 50 
48.8703 02.3392 50 
48.8703 02.3409 50 
48.8704 02.2277 50 
48.8704 02.3048 50 
48.8704 02.3252 50 
48.8704 02.3297 50 
48.8704 02.3427 50 
48.8704 02.3428 50 
48.8704 02.3483 50 
48.8704 02.3501 50 
48.8704 02.3538 50 
48.8704 02.3659 50 
48.8705 02.2979 50 
48.8705 02.3020 50 
48.8705 02.3064 50 
48.8705 02.3075 50 
48.8705 02.3217 50 
48.8705 02.3303 50 
48.8705 02.3343 50 
48.8705 02.3640 50 
48.8705 02.3771 50 
48.8706 02.2769 50 
48.8706 02.2976 50 
48.8706 02.3032 50 
48.8706 02.3054 50 
48.8706 02.3075 50 
48.8706 02.3095 50 
48.8706 02.3230 50 
48.8706 02.3323 50 
48.8706 02.3329 50 
48.8706 02.3378 50 
48.8706 02.3380 50 
48.8706 02.3488 50 
48.8706 02.3492 50 
48.8707 02.3010 50 
48.8707 02.3016 50 
48.8707 02.3038 50 
48.8707 02.3058 50 
48.8707 02.3061 50 
48.8707 02.3095 50 
48.8707 02.3098 50 
48.8707 02.3253 50 
48.8707 02.3303 50 
48.8707 02.3322 50 
48.8707 02.3478 50 
48.8707 02.3479 50 
48.8707 02.3576 50 
48.8708 02.2803 50 
48.8708 02.3017 50 
48.8708 02.3028 50 
48.8708 02.3030 50 
48.8708 02.3045 50 
48.8708 02.3053 50 
48.8708 02.3086 50 
48.8708 02.3248 50 
48.8708 02.3259 50 
48.8708 02.3271 50 
48.8708 02.3411 50 
48.8708 02.3428 50 
48.8708 02.3471 50 
48.8708 02.3474 50 
48.8708 02.3476 50 
48.8708 02.3478 50 
48.8708 02.3486 50 
48.8708 02.3594 50 
48.8708 02.3655 50 
48.8709 02.3009 50 
48.8709 02.3025 50 
48.8709 02.3047 50 
48.8709 02.3048 50 
48.8709 02.3085 50 
48.8709 02.3133 50 
48.8709 02.3338 50 
48.8709 02.3339 50 
48.8709 02.3481 50 
48.8709 02.3581 50 
48.8710 02.3040 50 
48.8710 02.3041 50 
48.8710 02.3050 50 
48.8710 02.3051 50 
48.8710 02.3088 50 
48.8710 02.3331 50 
48.8710 02.3349 50 
48.8710 02.3351 50 
48.8710 02.3426 50 
48.8710 02.3467 50 
48.8710 02.3576 50 
48.8710 02.3583 50 
48.8710 02.3619 50 
48.8711 02.2321 50 
48.8711 02.2917 50 
48.8711 02.2940 50 
48.8711 02.3033 50 
48.8711 02.3034 50 
48.8711 02.3037 50 
48.8711 02.3038 50 
48.8711 02.3043 50 
48.8711 02.3044 50 
48.8711 02.3053 50 
48.8711 02.3068 50 
48.8711 02.3083 50 
48.8711 02.3319 50 
48.8711 02.3338 50 
48.8711 02.3347 50 
48.8711 02.3473 50 
48.8711 02.3558 50 
48.8712 02.3014 50 
48.8712 02.3021 50 
48.8712 02.3034 50 
48.8712 02.3037 50 
48.8712 02.3041 50 
48.8712 02.3082 50 
48.8712 02.3280 50 
48.8712 02.3378 50 
48.8712 02.3468 50 
48.8712 02.3628 50 
48.8712 02.3751 50 
48.8713 02.3076 50 
48.8713 02.3291 50 
48.8713 02.3351 50 
48.8713 02.3360 50 
48.8713 02.3430 50 
48.8713 02.3447 50 
48.8713 02.3478 50 
48.8713 02.3541 50 
48.8713 02.3624 50 
48.8714 02.2897 50 
48.8714 02.2932 50 
48.8714 02.3019 50 
48.8714 02.3026 50 
48.8714 02.3075 50 
48.8714 02.3099 50 
48.8714 02.3253 50 
48.8714 02.3320 50 
48.8714 02.3344 50 
48.8714 02.3399 50 
48.8714 02.3424 50 
48.8714 02.3443 50 
48.8714 02.3446 50 
48.8714 02.3457 50 
48.8714 02.3536 50 
48.8714 02.3581 50 
48.8715 02.2932 50 
48.8715 02.3006 50 
48.8715 02.3010 50 
48.8715 02.3021 50 
48.8715 02.3083 50 
48.8715 02.3153 50 
48.8715 02.3278 50 
48.8715 02.3352 50 
48.8715 02.3429 50 
48.8715 02.3430 50 
48.8715 02.3432 50 
48.8715 02.3433 50 
48.8715 02.3457 50 
48.8716 02.2766 50 
48.8716 02.3020 50 
48.8716 02.3071 50 
48.8716 02.3281 50 
48.8716 02.3347 50 
48.8716 02.3348 50 
48.8716 02.3399 50 
48.8716 02.3419 50 
48.8716 02.3680 50 
48.8717 02.3006 50 
48.8717 02.3025 50 
48.8717 02.3028 50 
48.8717 02.3272 50 
48.8717 02.3297 50 
48.8717 02.3306 50 
48.8717 02.3307 50 
48.8717 02.3420 50 
48.8717 02.3422 50 
48.8717 02.3427 50 
48.8717 02.3431 50 
48.8717 02.3446 50 
48.8717 02.3503 50 
48.8717 02.3603 50 
48.8718 02.2901 50 
48.8718 02.3020 50 
48.8718 02.3025 50 
48.8718 02.3280 50 
48.8718 02.3307 50 
48.8718 02.3338 50 
48.8718 02.3367 50 
48.8718 02.3414 50 
48.8718 02.3423 50 
48.8718 02.3430 50 
48.8718 02.3435 50 
48.8718 02.3471 50 
48.8718 02.3487 50 
48.8718 02.3574 50 
48.8718 02.3683 50 
48.8719 02.2730 50 
48.8719 02.2901 50 
48.8719 02.2961 50 
48.8719 02.3015 50 
48.8719 02.3136 50 
48.8719 02.3138 50 
48.8719 02.3307 50 
48.8719 02.3397 50 
48.8719 02.3418 50 
48.8719 02.3430 50 
48.8720 02.2999 50 
48.8720 02.3100 50 
48.8720 02.3282 50 
48.8720 02.3293 50 
48.8720 02.3397 50 
48.8720 02.3400 50 
48.8720 02.3402 50 
48.8720 02.3406 50 
48.8720 02.3431 50 
48.8720 02.3482 50 
48.8721 02.2467 50 
48.8721 02.2911 50 
48.8721 02.2991 50 
48.8721 02.3004 50 
48.8721 02.3079 50 
48.8721 02.3409 50 
48.8721 02.3420 50 
48.8721 02.3770 50 
48.8721 02.3892 50 
48.8722 02.3013 50 
48.8722 02.3099 50 
48.8722 02.3265 50 
48.8722 02.3332 50 
48.8722 02.3422 50 
48.8722 02.3587 50 
48.8723 02.2992 50 
48.8723 02.3002 50 
48.8723 02.3008 50 
48.8723 02.3040 50 
48.8723 02.3041 50 
48.8723 02.3088 50 
48.8723 02.3322 50 
48.8723 02.3343 50 
48.8723 02.3373 50 
48.8723 02.3559 50 
48.8724 02.2951 50 
48.8724 02.3001 50 
48.8724 02.3004 50 
48.8724 02.3007 50 
48.8724 02.3021 50 
48.8724 02.3298 50 
48.8724 02.3402 50 
48.8724 02.3633 50 
48.8725 02.2965 50 
48.8725 02.2981 50 
48.8725 02.3037 50 
48.8725 02.3095 50 
48.8725 02.3542 50 
48.8726 02.2975 50 
48.8726 02.2994 50 
48.8726 02.3092 50 
48.8726 02.3395 50 
48.8726 02.3437 50 
48.8727 02.2931 50 
48.8727 02.2990 50 
48.8727 02.2993 50 
48.8727 02.3102 50 
48.8727 02.3103 50 
48.8727 02.3368 50 
48.8727 02.3375 50 
48.8727 02.3636 50 
48.8728 02.3099 50 
48.8728 02.3115 50 
48.8728 02.3332 50 
48.8728 02.3431 50 
48.8728 02.3543 50 
48.8728 02.3642 50 
48.8729 02.2970 50 
48.8729 02.2986 50 
48.8729 02.3286 50 
48.8729 02.3312 50 
48.8729 02.3332 50 
48.8729 02.3333 50 
48.8729 02.3341 50 
48.8729 02.3351 50 
48.8729 02.3543 50 
48.8730 02.2984 50 
48.8730 02.2987 50 
48.8730 02.3268 50 
48.8730 02.3431 50 
48.8730 02.3538 50 
48.8730 02.3545 50 
48.8731 02.2984 50 
48.8731 02.2998 50 
48.8731 02.3014 50 
48.8731 02.3243 50 
48.8731 02.3301 50 
48.8731 02.3314 50 
48.8731 02.3335 50 
48.8731 02.3341 50 
48.8731 02.3431 50 
48.8731 02.3809 50 
48.8732 02.2938 50 
48.8732 02.2978 50 
48.8732 02.3003 50 
48.8732 02.3025 50 
48.8732 02.3073 50 
48.8732 02.3097 50 
48.8732 02.3102 50 
48.8732 02.3180 50 
48.8732 02.3183 50 
48.8732 02.3256 50 
48.8732 02.3362 50 
48.8732 02.3432 50 
48.8732 02.3433 50 
48.8732 02.3819 50 
48.8733 02.2975 50 
48.8733 02.3056 50 
48.8733 02.3228 50 
48.8733 02.3242 50 
48.8733 02.3319 50 
48.8733 02.3436 50 
48.8733 02.3440 50 
48.8733 02.3599 50 
48.8734 02.2956 50 
48.8734 02.2963 50 
48.8734 02.3033 50 
48.8734 02.3271 50 
48.8734 02.3279 50 
48.8734 02.3299 50 
48.8734 02.3349 50 
48.8734 02.3354 50 
48.8734 02.3443 50 
48.8735 02.2921 50 
48.8735 02.3102 50 
48.8735 02.3146 50 
48.8735 02.3250 50 
48.8735 02.3287 50 
48.8735 02.3347 50 
48.8735 02.3431 50 
48.8736 02.2924 50 
48.8736 02.2926 50 
48.8736 02.3059 50 
48.8736 02.3240 50 
48.8736 02.3279 50 
48.8736 02.3301 50 
48.8736 02.3440 50 
48.8736 02.3584 50 
48.8737 02.2840 50 
48.8737 02.3146 50 
48.8737 02.3206 50 
48.8737 02.3229 50 
48.8737 02.3276 50 
48.8737 02.3356 50 
48.8737 02.3446 50 
48.8737 02.3544 50 
48.8737 02.3641 50 
48.8737 02.3896 50 
48.8738 02.2950 50 
48.8738 02.2952 50 
48.8738 02.3061 50 
48.8738 02.3146 50 
48.8738 02.3245 50 
48.8738 02.3262 50 
48.8738 02.3445 50 
48.8738 02.3452 50 
48.8739 02.2936 50 
48.8739 02.3001 50 
48.8739 02.3225 50 
48.8739 02.3448 50 
48.8739 02.3453 50 
48.8739 02.3737 50 
48.8739 02.3753 50 
48.8739 02.3864 50 
48.8740 02.2986 50 
48.8740 02.3146 50 
48.8740 02.3160 50 
48.8740 02.3418 50 
48.8740 02.3428 50 
48.8740 02.3450 50 
48.8740 02.3748 50 
48.8741 02.2897 50 
48.8741 02.2928 50 
48.8741 02.2988 50 
48.8741 02.2995 50 
48.8741 02.3252 50 
48.8741 02.3283 50 
48.8741 02.3422 50 
48.8741 02.3426 50 
48.8741 02.3475 50 
48.8741 02.3582 50 
48.8741 02.5830 50 
48.8742 02.2929 50 
48.8742 02.2952 50 
48.8742 02.3285 50 
48.8742 02.3287 50 
48.8742 02.3291 50 
48.8742 02.3423 50 
48.8742 02.3434 50 
48.8743 02.1234 50 
48.8743 02.2811 50 
48.8743 02.2930 50 
48.8743 02.3050 50 
48.8743 02.3246 50 
48.8744 02.3148 50 
48.8744 02.3225 50 
48.8744 02.3427 50 
48.8744 02.3628 50 
48.8744 02.3632 50 
48.8745 02.2828 50 
48.8745 02.3480 50 
48.8745 02.3856 50 
48.8746 02.3216 50 
48.8746 02.3478 50 
48.8746 02.3573 50 
48.8746 02.5960 50 
48.8747 02.3288 50 
48.8747 02.3481 50 
48.8747 02.3508 50 
48.8748 02.2943 50 
48.8748 02.3413 50 
48.8748 02.3473 50 
48.8748 02.3550 50 
48.8748 02.3809 50 
48.8748 02.3888 50 
48.8749 02.3056 50 
48.8749 02.3211 50 
48.8749 02.3406 50 
48.8750 02.3201 50 
48.8750 02.3485 50 
48.8751 02.2945 50 
48.8751 02.2950 50 
48.8751 02.3216 50 
48.8751 02.3245 50 
48.8751 02.3423 50 
48.8751 02.3602 50 
48.8751 02.3883 50 
48.8752 02.3106 50 
48.8752 02.3171 50 
48.8752 02.3238 50 
48.8752 02.3509 50 
48.8753 02.3037 50 
48.8753 02.3271 50 
48.8753 02.3284 50 
48.8753 02.3558 50 
48.8753 02.3693 50 
48.8753 02.3895 50 
48.8754 02.3211 50 
48.8754 02.3261 50 
48.8754 02.3313 50 
48.8754 02.3435 50 
48.8754 02.3490 50 
48.8755 02.2963 50 
48.8755 02.2964 50 
48.8755 02.3252 50 
48.8755 02.3286 50 
48.8755 02.3423 50 
48.8756 02.2893 50 
48.8756 02.2896 50 
48.8756 02.3189 50 
48.8756 02.3197 50 
48.8756 02.3222 50 
48.8756 02.3345 50 
48.8756 02.3454 50 
48.8756 02.3455 50 
48.8757 02.2963 50 
48.8757 02.3278 50 
48.8757 02.3291 50 
48.8757 02.3455 50 
48.8757 02.3474 50 
48.8757 02.3482 50 
48.8758 02.2257 50 
48.8758 02.2892 50 
48.8758 02.3001 50 
48.8758 02.3196 50 
48.8758 02.3220 50 
48.8758 02.3268 50 
48.8758 02.3403 50 
48.8758 02.3433 50 
48.8758 02.3479 50 
48.8758 02.3481 50 
48.8758 02.3488 50 
48.8758 02.3596 50 
48.8759 02.3474 50 
48.8759 02.3490 50 
48.8760 02.3259 50 
48.8760 02.3478 50 
48.8760 02.3483 50 
48.8760 02.3579 50 
48.8760 02.3596 50 
48.8761 02.2614 50 
48.8761 02.3252 50 
48.8761 02.3263 50 
48.8761 02.3420 50 
48.8761 02.3472 50 
48.8761 02.3573 50 
48.8761 02.3710 50 
48.8761 02.3722 50 
48.8762 02.2740 50 
48.8762 02.2958 50 
48.8762 02.3463 50 
48.8762 02.3471 50 
48.8762 02.3560 50 
48.8763 02.2970 50 
48.8763 02.3212 50 
48.8763 02.3389 50 
48.8763 02.3404 50 
48.8763 02.3502 50 
48.8763 02.3582 50 
48.8764 02.3235 50 
48.8764 02.3466 50 
48.8764 02.3469 50 
48.8764 02.3557 50 
48.8764 02.3565 50 
48.8764 02.3721 50 
48.8764 02.3739 50 
48.8765 02.2508 50 
48.8765 02.2905 50 
48.8765 02.3117 50 
48.8765 02.3303 50 
48.8765 02.3321 50 
48.8765 02.3430 50 
48.8765 02.3484 50 
48.8765 02.3571 50 
48.8765 02.3769 50 
48.8766 02.2970 50 
48.8766 02.3335 50 
48.8766 02.3489 50 
48.8767 02.2832 50 
48.8767 02.2911 50 
48.8767 02.3270 50 
48.8767 02.3316 50 
48.8767 02.3483 50 
48.8768 02.2975 50 
48.8768 02.3295 50 
48.8768 02.3323 50 
48.8768 02.3472 50 
48.8768 02.3485 50 
48.8768 02.3550 50 
48.8769 02.2946 50 
48.8769 02.3071 50 
48.8769 02.3246 50 
48.8769 02.3593 50 
48.8770 02.2923 50 
48.8770 02.3234 50 
48.8770 02.3270 50 
48.8770 02.3315 50 
48.8770 02.3371 50 
48.8770 02.3591 50 
48.8771 02.2849 50 
48.8771 02.2980 50 
48.8771 02.3002 50 
48.8771 02.3172 50 
48.8771 02.3589 50 
48.8771 02.3594 50 
48.8772 02.3069 50 
48.8772 02.3375 50 
48.8772 02.3377 50 
48.8772 02.3481 50 
48.8772 02.3484 50 
48.8772 02.3492 50 
48.8772 02.3590 50 
48.8772 02.3591 50 
48.8772 02.3596 50 
48.8773 02.2934 50 
48.8773 02.3270 50 
48.8773 02.3314 50 
48.8773 02.3375 50 
48.8773 02.3376 50 
48.8773 02.3551 50 
48.8773 02.3591 50 
48.8773 02.4774 50 
48.8774 02.2313 50 
48.8774 02.2539 50 
48.8774 02.2933 50 
48.8774 02.3375 50 
48.8774 02.3493 50 
48.8774 02.3597 50 
48.8775 02.2921 50 
48.8775 02.3468 50 
48.8775 02.3952 50 
48.8776 02.3319 50 
48.8777 02.2839 50 
48.8777 02.2982 50 
48.8777 02.3270 50 
48.8777 02.3470 50 
48.8777 02.3492 50 
48.8777 02.3519 50 
48.8777 02.3553 50 
48.8778 02.2689 50 
48.8778 02.2824 50 
48.8778 02.2829 50 
48.8778 02.2842 50 
48.8778 02.2858 50 
48.8778 02.2970 50 
48.8778 02.3657 50 
48.8779 02.2980 50 
48.8779 02.3160 50 
48.8779 02.3407 50 
48.8779 02.3518 50 
48.8779 02.3519 50 
48.8779 02.3520 50 
48.8780 02.2883 50 
48.8780 02.3703 50 
48.8781 02.2839 50 
48.8781 02.3420 50 
48.8782 02.2953 50 
48.8782 02.3118 50 
48.8783 02.3403 50 
48.8784 02.2825 50 
48.8784 02.2826 50 
48.8784 02.2859 50 
48.8784 02.2946 50 
48.8784 02.3375 50 
48.8784 02.3397 50 
48.8784 02.3570 50 
48.8785 02.2896 50 
48.8785 02.3580 50 
48.8785 02.5815 50 
48.8786 02.2835 50 
48.8786 02.2840 50 
48.8787 02.2968 50 
48.8787 02.3194 50 
48.8787 02.3266 50 
48.8787 02.3318 50 
48.8787 02.3431 50 
48.8788 02.2929 50 
48.8788 02.3316 50 
48.8788 02.3519 50 
48.8790 02.2989 50 
48.8790 02.3361 50 
48.8790 02.3371 50 
48.8790 02.3560 50 
48.8791 02.2846 50 
48.8791 02.3364 50 
48.8791 02.3544 50 
48.8792 02.2949 50 
48.8792 02.3378 50 
48.8792 02.3531 50 
48.8792 02.3622 50 
48.8793 02.3090 50 
48.8794 02.2786 50 
48.8794 02.2821 50 
48.8794 02.3265 50 
48.8794 02.3371 50 
48.8794 02.3548 50 
48.8794 02.3567 50 
48.8795 02.3341 50 
48.8795 02.3345 50 
48.8795 02.3520 50 
48.8795 02.3629 50 
48.8795 02.3970 50 
48.8796 02.2786 50 
48.8796 02.3225 50 
48.8796 02.3628 50 
48.8797 02.3008 50 
48.8797 02.3397 50 
48.8798 02.2319 50 
48.8798 02.3207 50 
48.8798 02.3547 50 
48.8798 02.3661 50 
48.8799 02.3130 50 
48.8799 02.3510 50 
48.8799 02.3549 50 
48.8800 02.2859 50 
48.8800 02.3345 50 
48.8800 02.3369 50 
48.8800 02.3672 50 
48.8800 02.3829 50 
48.8801 02.2368 50 
48.8801 02.3033 50 
48.8801 02.3548 50 
48.8801 02.3794 50 
48.8802 02.2853 50 
48.8802 02.3290 50 
48.8803 02.2758 50 
48.8803 02.2868 50 
48.8803 02.3031 50 
48.8803 02.3516 50 
48.8803 02.3533 50 
48.8804 02.2780 50 
48.8804 02.3195 50 
48.8804 02.4799 50 
48.8805 02.2757 50 
48.8805 02.2841 50 
48.8805 02.3029 50 
48.8805 02.3168 50 
48.8807 02.2729 50 
48.8807 02.2800 50 
48.8807 02.3293 50 
48.8807 02.3542 50 
48.8808 02.3404 50 
48.8808 02.3411 50 
48.8808 02.3427 50 
48.8808 02.3553 50 
48.8809 02.2665 50 
48.8809 02.2841 50 
48.8809 02.3061 50 
48.8809 02.3506 50 
48.8810 02.3232 50 
48.8810 02.3499 50 
48.8811 02.2658 50 
48.8811 02.2718 50 
48.8811 02.2777 50 
48.8811 02.3364 50 
48.8811 02.3737 50 
48.8811 02.3952 50 
48.8812 02.2587 50 
48.8812 02.2723 50 
48.8812 02.2894 50 
48.8812 02.3283 50 
48.8812 02.3400 50 
48.8812 02.3519 50 
48.8813 02.3283 50 
48.8813 02.3362 50 
48.8813 02.3512 50 
48.8813 02.3662 50 
48.8814 02.2675 50 
48.8814 02.3154 50 
48.8814 02.3157 50 
48.8814 02.3463 50 
48.8814 02.3515 50 
48.8814 02.3544 50 
48.8814 02.3545 50 
48.8814 02.3699 50 
48.8815 02.2710 50 
48.8815 02.2923 50 
48.8815 02.3014 50 
48.8815 02.3038 50 
48.8815 02.3156 50 
48.8815 02.3238 50 
48.8816 02.2785 50 
48.8816 02.3450 50 
48.8817 02.2772 50 
48.8817 02.3031 50 
48.8817 02.3153 50 
48.8817 02.3467 50 
48.8817 02.3486 50 
48.8817 02.3516 50 
48.8817 02.3657 50 
48.8817 02.3659 50 
48.8818 02.2704 50 
48.8818 02.3366 50 
48.8818 02.3438 50 
48.8818 02.3564 50 
48.8819 02.3373 50 
48.8819 02.3633 50 
48.8819 02.4014 50 
48.8820 02.2700 50 
48.8820 02.3373 50 
48.8820 02.3386 50 
48.8820 02.3389 50 
48.8820 02.3422 50 
48.8820 02.3448 50 
48.8820 02.3542 50 
48.8820 02.3981 50 
48.8821 02.2707 50 
48.8821 02.3286 50 
48.8821 02.3399 50 
48.8821 02.3633 50 
48.8822 02.2911 50 
48.8822 02.3046 50 
48.8822 02.3209 50 
48.8822 02.3312 50 
48.8822 02.3337 50 
48.8822 02.3374 50 
48.8822 02.3375 50 
48.8822 02.3396 50 
48.8822 02.3716 50 
48.8823 02.2681 50 
48.8823 02.3119 50 
48.8823 02.3142 50 
48.8823 02.3374 50 
48.8823 02.3406 50 
48.8823 02.3461 50 
48.8824 02.3374 50 
48.8824 02.3376 50 
48.8824 02.3399 50 
48.8825 02.3329 50 
48.8825 02.3402 50 
48.8825 02.3496 50 
48.8825 02.3535 50 
48.8826 02.2673 50 
48.8826 02.3327 50 
48.8826 02.3592 50 
48.8827 02.3148 50 
48.8827 02.3323 50 
48.8827 02.4807 50 
48.8829 02.3173 50 
48.8829 02.3440 50 
48.8830 02.3438 50 
48.8830 02.3447 50 
48.8831 02.2335 50 
48.8831 02.3320 50 
48.8831 02.3605 50 
48.8832 02.3710 50 
48.8833 02.2400 50 
48.8833 02.2769 50 
48.8833 02.3280 50 
48.8833 02.3298 50 
48.8833 02.3300 50 
48.8833 02.3321 50 
48.8833 02.3417 50 
48.8833 02.3649 50 
48.8834 02.2644 50 
48.8834 02.2737 50 
48.8834 02.2941 50 
48.8834 02.3021 50 
48.8834 02.3276 50 
48.8834 02.3421 50 
48.8834 02.3470 50 
48.8835 02.2648 50 
48.8835 02.3060 50 
48.8835 02.3342 50 
48.8835 02.3407 50 
48.8835 02.3476 50 
48.8836 02.3268 50 
48.8836 02.3279 50 
48.8836 02.3291 50 
48.8836 02.3324 50 
48.8836 02.3330 50 
48.8836 02.3394 50 
48.8836 02.3418 50 
48.8836 02.3496 50 
48.8836 02.3504 50 
48.8836 02.3696 50 
48.8837 02.2938 50 
48.8837 02.3278 50 
48.8837 02.3283 50 
48.8837 02.3323 50 
48.8837 02.3418 50 
48.8838 02.3276 50 
48.8838 02.3504 50 
48.8838 02.3707 50 
48.8839 02.2383 50 
48.8839 02.2722 50 
48.8839 02.3394 50 
48.8839 02.3708 50 
48.8840 02.2721 50 
48.8840 02.3322 50 
48.8840 02.3414 50 
48.8841 02.2313 50 
48.8841 02.2369 50 
48.8841 02.2619 50 
48.8841 02.2652 50 
48.8841 02.3279 50 
48.8841 02.3321 50 
48.8841 02.3323 50 
48.8841 02.3408 50 
48.8841 02.3414 50 
48.8841 02.3422 50 
48.8841 02.3448 50 
48.8841 02.3653 50 
48.8842 02.2368 50 
48.8842 02.3364 50 
48.8842 02.3384 50 
48.8842 02.3420 50 
48.8842 02.4037 50 
48.8843 02.3309 50 
48.8843 02.3343 50 
48.8843 02.3371 50 
48.8843 02.3386 50 
48.8843 02.3397 50 
48.8843 02.3727 50 
48.8844 02.3284 50 
48.8844 02.3386 50 
48.8844 02.3417 50 
48.8844 02.3593 50 
48.8844 02.3603 50 
48.8844 02.4085 50 
48.8845 02.2581 50 
48.8845 02.3336 50 
48.8845 02.3381 50 
48.8845 02.3384 50 
48.8845 02.3411 50 
48.8845 02.3433 50 
48.8846 02.2381 50 
48.8846 02.2390 50 
48.8846 02.3383 50 
48.8846 02.3445 50 
48.8847 02.2389 50 
48.8847 02.2916 50 
48.8847 02.3267 50 
48.8847 02.3268 50 
48.8847 02.3305 50 
48.8847 02.3338 50 
48.8848 02.2581 50 
48.8848 02.3039 50 
48.8848 02.3203 50 
48.8848 02.3376 50 
48.8848 02.3404 50 
48.8848 02.3797 50 
48.8849 02.2589 50 
48.8849 02.2604 50 
48.8849 02.3371 50 
48.8849 02.3443 50 
48.8850 02.1566 50 
48.8850 02.2481 50 
48.8850 02.2583 50 
48.8850 02.2993 50 
48.8850 02.3033 50 
48.8850 02.3251 50 
48.8850 02.3370 50 
48.8850 02.3426 50 
48.8850 02.3526 50 
48.8850 02.3718 50 
48.8851 02.2598 50 
48.8851 02.2977 50 
48.8851 02.3108 50 
48.8851 02.4004 50 
48.8852 02.2610 50 
48.8853 02.2933 50 
48.8853 02.2950 50 
48.8853 02.3269 50 
48.8854 02.2346 50 
48.8854 02.2614 50 
48.8854 02.2978 50 
48.8854 02.3358 50 
48.8854 02.3393 50 
48.8855 02.2201 50 
48.8855 02.3103 50 
48.8855 02.3308 50 
48.8855 02.3451 50 
48.8856 02.3747 50 
48.8857 02.2982 50 
48.8857 02.3346 50 
48.8857 02.3353 50 
48.8857 02.3369 50 
48.8858 02.2392 50 
48.8858 02.3376 50 
48.8858 02.3406 50 
48.8859 02.2574 50 
48.8859 02.3411 50 
48.8859 02.3455 50 
48.8859 02.3597 50 
48.8860 02.2193 50 
48.8860 02.2923 50 
48.8860 02.3342 50 
48.8860 02.3353 50 
48.8860 02.3357 50 
48.8861 02.3363 50 
48.8862 02.2557 50 
48.8862 02.3184 50 
48.8863 02.3356 50 
48.8863 02.3401 50 
48.8864 02.2602 50 
48.8864 02.3330 50 
48.8864 02.3354 50 
48.8864 02.3430 50 
48.8864 02.3540 50 
48.8864 02.3772 50 
48.8865 02.2680 50 
48.8865 02.3408 50 
48.8865 02.3451 50 
48.8865 02.3943 50 
48.8866 02.3157 50 
48.8866 02.3410 50 
48.8866 02.3596 50 
48.8867 02.1554 50 
48.8867 02.3233 50 
48.8867 02.3409 50 
48.8867 02.3753 50 
48.8868 02.1217 50 
48.8868 02.3260 50 
48.8869 02.3479 50 
48.8869 02.3491 50 
48.8870 02.2110 50 
48.8870 02.3258 50 
48.8870 02.3399 50 
48.8870 02.3789 50 
48.8871 02.2899 50 
48.8871 02.3495 50 
48.8872 02.2380 50 
48.8872 02.2749 50 
48.8872 02.3395 50 
48.8872 02.3397 50 
48.8872 02.3401 50 
48.8873 02.1731 50 
48.8873 02.2848 50 
48.8873 02.3138 50 
48.8875 02.2393 50 
48.8875 02.3040 50 
48.8875 02.3374 50 
48.8875 02.3421 50 
48.8875 02.3497 50 
48.8876 02.2783 50 
48.8876 02.3143 50 
48.8876 02.3222 50 
48.8876 02.3257 50 
48.8877 02.2596 50 
48.8877 02.3351 50 
48.8878 02.3254 50 
48.8879 02.2326 50 
48.8879 02.2489 50 
48.8879 02.3186 50 
48.8879 02.3252 50 
48.8879 02.3284 50 
48.8879 02.3796 50 
48.8880 02.2535 50 
48.8880 02.3923 50 
48.8881 02.2494 50 
48.8881 02.2517 50 
48.8881 02.3208 50 
48.8882 02.1936 50 
48.8883 02.1682 50 
48.8883 02.3360 50 
48.8884 02.3794 50 
48.8885 02.3676 50 
48.8886 02.3924 50 
48.8887 02.1596 50 
48.8887 02.2970 50 
48.8887 02.3926 50 
48.8888 02.2759 50 
48.8888 02.3590 50 
48.8889 02.3479 50 
48.8889 02.3930 50 
48.8890 02.2488 50 
48.8890 02.3153 50 
48.8891 02.2413 50 
48.8891 02.2480 50 
48.8891 02.3176 50 
48.8891 02.3377 50 
48.8892 02.2418 50 
48.8892 02.3456 50 
48.8894 02.1642 50 
48.8894 02.3175 50 
48.8894 02.3904 50 
48.8895 02.3397 50 
48.8896 02.2414 50 
48.8896 02.3200 50 
48.8896 02.3356 50 
48.8896 02.3390 50 
48.8897 02.2466 50 
48.8898 02.2390 50 
48.8898 02.2842 50 
48.8899 02.2316 50 
48.8899 02.3363 50 
48.8899 02.3384 50 
48.8899 02.3428 50 
48.8899 02.3602 50 
48.8899 02.3603 50 
48.8900 02.3462 50 
48.8901 02.2399 50 
48.8901 02.2427 50 
48.8901 02.3828 50 
48.8902 02.3205 50 
48.8902 02.3483 50 
48.8903 02.3602 50 
48.8903 02.3693 50 
48.8904 02.2894 50 
48.8904 02.3267 50 
48.8904 02.3421 50 
48.8904 02.3600 50 
48.8904 02.3906 50 
48.8905 02.2493 50 
48.8905 02.3907 50 
48.8906 02.2656 50 
48.8906 02.3611 50 
48.8906 02.3711 50 
48.8908 02.2383 50 
48.8908 02.2420 50 
48.8908 02.3147 50 
48.8908 02.3488 50 
48.8908 02.3496 50 
48.8908 02.3950 50 
48.8909 02.3244 50 
48.8909 02.3395 50 
48.8909 02.3611 50 
48.8909 02.3948 50 
48.8910 02.2624 50 
48.8910 02.3173 50 
48.8911 02.2362 50 
48.8911 02.2418 50 
48.8911 02.3310 50 
48.8911 02.3395 50 
48.8911 02.4017 50 
48.8911 02.4044 50 
48.8912 02.2359 50 
48.8913 02.2351 50 
48.8914 02.3922 50 
48.8915 02.2414 50 
48.8916 02.3916 50 
48.8917 02.3633 50 
48.8918 02.2366 50 
48.8918 02.2388 50 
48.8918 02.2391 50 
48.8918 02.2911 50 
48.8919 02.2313 50 
48.8919 02.2366 50 
48.8919 02.2375 50 
48.8919 02.3463 50 
48.8919 02.3469 50 
48.8920 02.2407 50 
48.8920 02.2424 50 
48.8920 02.2884 50 
48.8920 02.3470 50 
48.8921 02.2845 50 
48.8921 02.3487 50 
48.8922 02.2607 50 
48.8922 02.2876 50 
48.8922 02.2909 50 
48.8922 02.2932 50 
48.8923 02.2326 50 
48.8923 02.2380 50 
48.8924 02.2379 50 
48.8924 02.2392 50 
48.8924 02.5060 50 
48.8925 02.3447 50 
48.8926 02.2407 50 
48.8926 02.3270 50 
48.8927 02.1791 50 
48.8927 02.2395 50 
48.8927 02.2884 50 
48.8927 02.3446 50 
48.8928 02.1857 50 
48.8928 02.2314 50 
48.8928 02.2359 50 
48.8929 02.3274 50 
48.8929 02.3276 50 
48.8929 02.3283 50 
48.8929 02.3290 50 
48.8930 02.3337 50 
48.8931 02.2886 50 
48.8932 02.2569 50 
48.8932 02.2586 50 
48.8932 02.3358 50 
48.8932 02.3634 50 
48.8932 02.3802 50 
48.8933 02.2538 50 
48.8933 02.2587 50 
48.8934 02.3906 50 
48.8935 02.2387 50 
48.8935 02.2878 50 
48.8935 02.3293 50 
48.8936 02.2322 50 
48.8936 02.2468 50 
48.8936 02.2994 50 
48.8936 02.3454 50 
48.8936 02.3615 50 
48.8937 02.2472 50 
48.8937 02.2787 50 
48.8938 02.2402 50 
48.8938 02.2936 50 
48.8939 02.2405 50 
48.8939 02.3806 50 
48.8939 02.3868 50 
48.8941 02.2249 50 
48.8941 02.3323 50 
48.8943 02.1326 50 
48.8943 02.2483 50 
48.8943 02.3155 50 
48.8943 02.3924 50 
48.8944 02.3405 50 
48.8944 02.3813 50 
48.8945 02.2439 50 
48.8946 02.3131 50 
48.8947 02.2438 50 
48.8947 02.3357 50 
48.8947 02.3410 50 
48.8948 02.2553 50 
48.8949 02.3824 50 
48.8951 02.1956 50 
48.8951 02.2786 50 
48.8951 02.3404 50 
48.8952 02.3593 50 
48.8953 02.2316 50 
48.8953 02.2602 50 
48.8954 02.3996 50 
48.8956 02.2364 50 
48.8956 02.2663 50 
48.8956 02.3463 50 
48.8957 02.3328 50 
48.8958 02.2221 50 
48.8958 02.2401 50 
48.8958 02.3154 50 
48.8959 02.0926 50 
48.8959 02.2784 50 
48.8959 02.3926 50 
48.8960 02.2365 50 
48.8961 02.2203 50 
48.8961 02.3383 50 
48.8961 02.3403 50 
48.8962 02.3842 50 
48.8963 02.0939 50 
48.8963 02.2491 50 
48.8964 02.2369 50 
48.8964 02.2631 50 
48.8966 02.2379 50 
48.8966 02.3476 50 
48.8966 02.4585 50 
48.8967 02.4008 50 
48.8968 02.3469 50 
48.8970 02.3107 50 
48.8972 02.2797 50 
48.8972 02.2807 50 
48.8973 02.3592 50 
48.8974 02.0878 50 
48.8974 02.2830 50 
48.8974 02.3110 50 
48.8975 02.0945 50 
48.8976 02.2390 50 
48.8977 02.0894 50 
48.8977 02.0917 50 
48.8979 02.0892 50 
48.8980 02.1291 50 
48.8980 02.3001 50 
48.8981 02.2793 50 
48.8983 02.2885 50 
48.8984 02.2399 50 
48.8986 02.0971 50 
48.8986 02.3481 50 
48.8988 02.2489 50 
48.8989 02.1185 50 
48.8996 02.0857 50 
48.8997 02.2909 50 
48.8999 02.2714 50 
48.9000 02.2870 50 
48.9001 02.2152 50 
48.9003 02.3121 50 
48.9005 02.3083 50 
48.9009 02.2616 50 
48.9009 02.3197 50 
48.9010 02.2132 50 
48.9011 02.3068 50 
48.9013 02.2140 50 
48.9021 02.3586 50 
48.9025 02.1350 50 
48.9026 02.2642 50 
48.9026 02.3137 50 
48.9028 02.3036 50 
48.9031 02.2683 50 
48.9032 02.2541 50 
48.9039 02.1094 50 
48.9039 02.3055 50 
48.9040 02.4580 50 
48.9044 02.2497 50 
48.9045 02.2827 50 
48.9046 02.3110 50 
48.9049 02.3443 50 
48.9050 02.2199 50 
48.9050 02.3114 50 
48.9058 02.2832 50 
48.9061 02.4573 50 
48.9062 02.3319 50 
48.9069 02.2476 50 
48.9070 02.2403 50 
48.9071 02.2769 50 
48.9074 02.2445 50 
48.9076 02.4060 50 
48.9085 02.2849 50 
48.9088 02.3568 50 
48.9089 02.3577 50 
48.9090 02.2384 50 
48.9099 02.2556 50 
48.9100 02.2351 50 
48.9108 02.2993 50 
48.9108 02.5801 50 
48.9119 02.2948 50 
48.9139 02.2720 50 
48.9143 02.2742 50 
48.9146 02.2746 50 
48.9149 02.4032 50 
48.9158 02.2242 50 
48.9158 02.2764 50 
48.9159 02.2921 50 
48.9168 02.3581 50 
48.9169 02.3568 50 
48.9171 02.3543 50 
48.9175 02.3618 50 
48.9176 02.3507 50 
48.9184 02.2828 50 
48.9184 02.2832 50 
48.9185 02.3934 50 
48.9189 02.2228 50 
48.9190 02.3435 50 
48.9190 02.3624 50 
48.9191 02.2527 50 
48.9194 02.2806 50 
48.9194 02.3581 50 
48.9194 02.3628 50 
48.9196 02.2985 50 
48.9196 02.3624 50 
48.9199 02.2798 50 
48.9202 02.2818 50 
48.9205 02.1855 50 
48.9205 02.3590 50 
48.9207 02.2169 50 
48.9207 02.4106 50 
48.9208 02.1843 50 
48.9222 02.3615 50 
48.9236 02.3616 50 
48.9237 02.3604 50 
48.9242 02.3851 50 
48.9244 02.3627 50 
48.9255 02.3639 50 
48.9265 02.3615 50 
48.9268 02.2337 50 
48.9276 02.2408 50 
48.9281 02.3516 50 
48.9291 02.2488 50 
48.9297 02.1439 50 
48.9297 02.3037 50 
48.9305 02.2609 50 
48.9311 02.2917 50 
48.9313 02.2825 50 
48.9318 02.3204 50 
48.9333 02.3027 50 
48.9353 02.4641 50 
48.9373 02.1576 50 
48.9382 02.1445 50 
48.9422 02.1952 50 
48.9433 02.1585 50 
48.9451 02.1456 50 
48.9454 02.1446 50 
48.9456 02.1522 50 
48.9459 02.2533 50 
48.9461 02.4500 50 
48.9462 02.1451 50 
48.9463 02.4339 50 
48.9463 02.4340 50 
48.9500 02.3181 50 
48.9512 02.3435 50 
48.9566 02.2056 50 
48.9578 02.4758 50 
48.9594 02.4459 50 
48.9600 02.4348 50 
48.9640 02.2890 50 
48.9706 02.5175 50 
48.9715 02.2576 50 
48.9722 02.5158 50 
48.9722 02.5182 50 
48.9729 02.5117 50 
48.9731 02.5114 50 
48.9733 02.3889 50 
48.9749 02.1867 50 
48.9800 02.2707 50 
48.9839 02.5029 50 
48.9876 02.2132 50 
48.9886 02.3987 50 
48.9891 02.5139 50 
48.9898 02.5128 50 
48.9903 02.5158 50 
48.9920 02.5131 50 
48.9938 02.4160 50 
48.9974 02.2830 50 
48.9985 02.4171 50 
48.9989 02.5175 50 
48.9995 02.4046 50 
49.0006 02.3574 50 
49.0023 02.5589 50 
49.0024 02.5587 50 
49.0026 02.5623 50 
49.0028 02.5672 50 
49.0030 02.5663 50 
49.0039 02.5681 50 
49.0040 02.5360 50 
49.0040 02.5711 50 
49.0043 02.5621 50 
49.0045 02.5704 50 
49.0047 02.5666 50 
49.0051 02.5571 50 
49.0070 02.5609 50 
49.0090 02.5676 50 
49.0094 02.5653 50 
49.0098 02.5604 50 
49.0103 02.5593 50 
49.0114 02.5213 50 
49.0121 02.5390 50 
49.0126 02.5588 50 
49.0133 02.5409 50 
49.0136 02.5420 50 
49.0144 02.5418 50 
49.0148 02.5418 50 
49.0149 02.5386 50 
49.0161 02.5401 50 
49.0193 02.2160 50 
49.0311 02.5136 50 
49.0652 02.3399 50 
49.0663 02.4563 50 
49.1024 02.4407 50 
