48.840167999267578125,2.3218364715576171875
48.83979034423828125,2.32139110565185546875
48.840518951416015625,2.319947719573974609375
48.838161468505859375,2.3171937465667724609375
48.83727264404296875,2.316135406494140625
48.83693695068359375,2.3157479763031005859375
48.836406707763671875,2.3151123523712158203125
48.835742950439453125,2.31432247161865234375
48.83528900146484375,2.313787937164306640625
48.834720611572265625,2.31308650970458984375
48.83472442626953125,2.3130815029144287109375
48.834686279296875,2.3130328655242919921875
48.8345184326171875,2.312827587127685546875
48.83419036865234375,2.3124141693115234375
48.83374786376953125,2.311854839324951171875
48.83306121826171875,2.3110103607177734375
48.83306884765625,2.3109509944915771484375
48.832988739013671875,2.31085872650146484375
48.83251953125,2.310294628143310546875
48.831577301025390625,2.309157848358154296875
48.831546783447265625,2.3091409206390380859375
48.83099365234375,2.308424472808837890625
48.82971954345703125,2.3067820072174072265625
48.827098846435546875,2.3035624027252197265625
48.826137542724609375,2.302392482757568359375
48.825176239013671875,2.301333904266357421875
48.82512664794921875,2.3013179302215576171875
48.8259124755859375,2.297646999359130859375
48.826690673828125,2.2942295074462890625
48.827106475830078125,2.2923629283905029296875
48.827136993408203125,2.292220592498779296875
48.82769012451171875,2.2909033298492431640625
48.8283233642578125,2.28938770294189453125
48.82997894287109375,2.28546905517578125
48.830860137939453125,2.283362865447998046875
48.831920623779296875,2.280490875244140625
48.83245849609375,2.27902317047119140625
48.830226898193359375,2.276327610015869140625
48.82971954345703125,2.2757599353790283203125
48.828319549560546875,2.2733957767486572265625
48.82796478271484375,2.27274227142333984375
48.827945709228515625,2.2727134227752685546875
48.827850341796875,2.26780605316162109375
48.827861785888671875,2.2677829265594482421875
48.827968597412109375,2.267604827880859375
48.8315582275390625,2.2672998905181884765625
48.832813262939453125,2.2696716785430908203125
48.8330078125,2.270029544830322265625
48.833042144775390625,2.269984722137451171875
48.833072662353515625,2.26995086669921875
48.833099365234375,2.26991367340087890625
48.8338165283203125,2.2688782215118408203125
48.8342132568359375,2.26837062835693359375
48.834575653076171875,2.2679483890533447265625
48.834625244140625,2.2674686908721923828125
48.8345184326171875,2.26692485809326171875
48.834453582763671875,2.266177654266357421875
48.834232330322265625,2.264915943145751953125
48.83414459228515625,2.26436901092529296875
48.83390045166015625,2.262959957122802734375
48.8361663818359375,2.2651736736297607421875
48.838520050048828125,2.2675864696502685546875
48.84070587158203125,2.2696192264556884765625
48.84340667724609375,2.2722432613372802734375
48.8448333740234375,2.2736508846282958984375
48.84662628173828125,2.2753860950469970703125
48.84696197509765625,2.275715351104736328125
48.84804534912109375,2.2769844532012939453125
48.84868621826171875,2.2777874469757080078125
48.84954071044921875,2.2788465023040771484375
48.850086212158203125,2.2795917987823486328125
48.850254058837890625,2.2798182964324951171875
48.8503570556640625,2.27996158599853515625
48.8509979248046875,2.2808697223663330078125
48.85395050048828125,2.285019397735595703125
48.85561370849609375,2.2873990535736083984375
48.855640411376953125,2.2874343395233154296875
48.8557281494140625,2.2875506877899169921875
48.855808258056640625,2.28766155242919921875
48.85581207275390625,2.287664890289306640625
48.856121063232421875,2.2881047725677490234375
48.85697174072265625,2.28860378265380859375
48.857463836669921875,2.288942813873291015625
48.857578277587890625,2.289041042327880859375
48.857666015625,2.289132595062255859375
48.8582305908203125,2.289824008941650390625
48.857486724853515625,2.2910258769989013671875
48.8569183349609375,2.291914463043212890625
48.85626983642578125,2.2929332256317138671875
48.85616302490234375,2.2931029796600341796875
48.85556793212890625,2.29402828216552734375
48.855136871337890625,2.294699192047119140625
48.854709625244140625,2.2953674793243408203125
48.85462188720703125,2.295505046844482421875
48.854461669921875,2.29575252532958984375
48.85390472412109375,2.296624660491943359375
48.85369873046875,2.296940326690673828125
48.853420257568359375,2.2973740100860595703125
48.8530731201171875,2.2979209423065185546875
48.852794647216796875,2.2983534336090087890625
48.852268218994140625,2.299178600311279296875
48.852169036865234375,2.2993309497833251953125
48.85157012939453125,2.300273418426513671875
48.851192474365234375,2.3009040355682373046875
48.851230621337890625,2.300963878631591796875
48.85053253173828125,2.3020317554473876953125
48.8494415283203125,2.3037526607513427734375
48.84942626953125,2.3037669658660888671875
48.848934173583984375,2.304523944854736328125
48.84810638427734375,2.3058245182037353515625
48.847900390625,2.30615139007568359375
48.847209930419921875,2.307226657867431640625
48.847187042236328125,2.3072669506072998046875
48.847137451171875,2.3073389530181884765625
48.84722900390625,2.307582855224609375
48.847240447998046875,2.307613849639892578125
48.8473968505859375,2.3080561161041259765625
48.847408294677734375,2.30809688568115234375
48.84743499755859375,2.308207988739013671875
48.8474578857421875,2.308300495147705078125
48.8475799560546875,2.3088190555572509765625
48.847614288330078125,2.3089663982391357421875
48.847751617431640625,2.3095428943634033203125
48.8479156494140625,2.3102281093597412109375
48.84793853759765625,2.310329914093017578125
48.847988128662109375,2.310526371002197265625
48.8479766845703125,2.3105413913726806640625
48.84729766845703125,2.311595916748046875
48.846981048583984375,2.3120944499969482421875
48.8459320068359375,2.3137280941009521484375
48.845973968505859375,2.3138523101806640625
48.84609222412109375,2.3142354488372802734375
48.84612274169921875,2.314334869384765625
48.846439361572265625,2.315366268157958984375
48.846668243408203125,2.3161060810089111328125
48.84682464599609375,2.3165729045867919921875
48.846527099609375,2.3171551227569580078125
48.84633636474609375,2.317517757415771484375
48.846149444580078125,2.317880153656005859375
48.846096038818359375,2.3179905414581298828125
48.84572601318359375,2.3187158107757568359375
48.8455657958984375,2.3190348148345947265625
48.845508575439453125,2.319151401519775390625
48.845211029052734375,2.319900035858154296875
48.845111846923828125,2.3202037811279296875
48.844821929931640625,2.3210713863372802734375
48.844268798828125,2.3227312564849853515625
48.84360504150390625,2.3246917724609375
48.84310150146484375,2.3240716457366943359375
48.84185028076171875,2.3225209712982177734375
48.84101104736328125,2.32149028778076171875
48.840167999267578125,2.3218364715576171875
